0,0.00,0.00,0.00,0.00,0.02,0.00,0.22,0.00,0.02,0.00,0.00,0.00,0.05,0.48,0.95,0.01,0.38,0.00,0.18,0.06,0.00,0.01
87,0.00,0.98,0.01,0.19,0.01,0.00,1.00,0.00,0.81,0.12,0.11,0.00,0.00,0.06,0.00,0.06,0.00,0.11,0.01,0.01,1.00,0.99
58,0.00,0.27,0.02,0.85,0.01,0.00,0.34,0.00,0.07,0.06,0.13,0.00,0.00,0.41,0.01,0.37,0.01,0.01,0.27,0.06,0.10,0.02
29,0.00,0.07,0.01,0.99,0.06,0.00,0.06,0.00,0.00,0.27,0.94,0.00,0.05,0.09,0.00,0.77,0.00,0.14,0.02,0.01,0.23,0.05
1,0.00,0.00,0.00,0.00,0.02,0.00,0.22,0.00,0.02,0.00,0.00,0.00,0.05,0.48,0.95,0.01,0.38,0.00,0.18,0.06,0.00,0.01
88,0.00,0.82,0.00,0.13,0.01,0.00,0.99,0.00,0.81,0.24,0.03,0.00,0.00,0.13,0.00,0.05,0.00,0.03,0.01,0.12,1.00,0.95
59,0.00,0.53,0.02,0.94,0.01,0.00,0.97,0.00,0.16,0.03,0.23,0.00,0.00,0.04,0.00,0.38,0.00,0.01,0.02,0.06,0.16,0.22
30,0.00,0.05,0.01,0.88,0.07,0.00,0.14,0.00,0.03,0.35,0.06,0.00,0.00,0.04,0.00,0.95,0.00,0.00,0.06,0.01,0.86,0.07
2,0.00,0.03,0.00,0.98,0.11,0.00,0.38,0.00,1.00,0.02,0.26,0.00,0.00,0.05,0.02,0.05,0.00,0.04,0.00,0.00,0.89,0.99
89,0.00,0.77,0.01,0.06,0.01,0.00,1.00,0.01,0.89,0.25,0.04,0.00,0.00,0.09,0.00,0.05,0.00,0.20,0.01,0.11,1.00,0.95
60,0.00,1.00,0.02,0.12,0.04,0.00,1.00,0.02,0.86,0.02,0.56,0.00,0.00,0.02,0.02,0.01,0.00,0.98,0.00,0.00,1.00,0.56
31,0.00,0.54,0.00,0.70,0.01,0.00,0.16,0.00,0.02,0.70,0.25,0.00,0.00,0.01,0.00,0.91,0.01,0.01,0.04,0.00,0.98,0.08
3,0.00,0.04,0.00,0.99,0.18,0.00,0.36,0.00,1.00,0.02,0.33,0.00,0.00,0.04,0.04,0.10,0.00,0.05,0.00,0.00,0.61,0.97
90,0.00,0.01,0.00,0.13,0.01,0.00,0.08,0.00,0.21,0.06,0.03,0.00,0.00,0.06,0.14,0.22,0.00,0.00,0.01,0.46,0.04,0.04
61,0.00,0.15,0.01,0.31,0.01,0.00,0.42,0.00,0.28,0.61,0.85,0.00,0.00,0.05,0.00,0.58,0.00,0.40,0.01,0.01,1.00,0.31
32,0.00,0.49,0.02,0.38,0.04,0.00,0.87,0.00,0.36,0.30,0.73,0.00,0.00,0.06,0.00,0.59,0.00,0.09,0.00,0.01,0.99,0.47
4,0.00,0.05,0.00,0.98,0.20,0.00,0.30,0.00,1.00,0.03,0.40,0.00,0.00,0.03,0.05,0.16,0.00,0.04,0.00,0.00,0.66,0.97
91,0.00,1.00,0.00,0.17,0.01,0.00,0.16,0.06,0.02,0.95,0.96,0.02,0.00,0.00,0.04,0.05,0.01,0.98,0.02,0.02,1.00,0.08
62,0.00,0.41,0.00,0.27,0.01,0.00,0.17,0.01,0.05,0.76,0.39,0.00,0.00,0.01,0.01,0.37,0.00,0.05,0.03,0.11,1.00,0.06
33,0.00,0.55,0.02,0.86,0.04,0.00,0.74,0.01,0.07,0.45,0.25,0.00,0.00,0.05,0.01,0.83,0.00,0.02,0.00,0.01,0.94,0.21
5,0.00,0.04,0.00,0.98,0.21,0.00,0.28,0.00,1.00,0.03,0.35,0.00,0.00,0.03,0.05,0.21,0.00,0.04,0.00,0.00,0.54,0.96
92,0.00,1.00,0.00,0.09,0.01,0.00,0.11,0.04,0.02,0.55,0.98,0.03,0.00,0.01,0.06,0.09,0.02,0.90,0.02,0.00,0.97,0.10
63,0.00,0.02,0.13,0.97,0.01,0.00,0.30,0.00,0.03,0.72,0.03,0.00,0.00,0.02,0.00,0.36,0.00,0.01,0.02,0.16,1.00,0.04
34,0.00,0.29,0.03,0.93,0.08,0.00,0.73,0.00,0.14,0.52,0.10,0.00,0.00,0.05,0.00,0.69,0.00,0.01,0.00,0.01,0.97,0.60
93,0.00,1.00,0.01,0.12,0.01,0.00,0.30,0.05,0.03,0.71,0.96,0.01,0.00,0.00,0.05,0.07,0.02,0.82,0.01,0.00,1.00,0.15
6,0.00,0.06,0.00,0.96,0.16,0.00,0.32,0.00,1.00,0.02,0.50,0.00,0.00,0.05,0.06,0.12,0.00,0.06,0.00,0.00,0.68,0.97
64,0.00,0.46,0.04,0.24,0.02,0.00,0.14,0.00,0.58,0.96,0.25,0.00,0.00,0.03,0.00,0.49,0.00,0.05,0.00,0.00,1.00,0.82
35,0.00,0.01,0.08,0.54,0.16,0.00,0.02,0.00,0.03,0.67,0.63,0.00,0.00,0.07,0.00,0.67,0.00,0.04,0.01,0.03,0.96,0.28
94,0.00,1.00,0.01,0.82,0.01,0.00,0.47,0.02,0.03,0.15,0.84,0.00,0.00,0.01,0.04,0.08,0.01,0.07,0.00,0.00,0.77,0.16
7,0.00,0.03,0.00,0.82,0.10,0.00,0.23,0.00,1.00,0.03,0.33,0.00,0.00,0.12,0.11,0.03,0.00,0.05,0.01,0.01,0.96,0.99
65,0.00,0.54,0.01,0.09,0.01,0.00,0.08,0.02,0.02,0.98,0.21,0.00,0.00,0.01,0.00,0.35,0.01,0.06,0.01,0.00,1.00,0.08
36,0.00,0.01,0.12,0.53,0.20,0.00,0.01,0.00,0.03,0.68,0.66,0.00,0.00,0.07,0.00,0.73,0.00,0.04,0.00,0.02,0.94,0.24
95,0.00,0.13,0.01,0.90,0.04,0.00,0.81,0.00,0.13,0.61,0.20,0.00,0.00,0.01,0.00,0.58,0.00,0.01,0.01,0.02,1.00,0.79
8,0.00,0.03,0.00,0.79,0.09,0.00,0.24,0.00,1.00,0.02,0.14,0.00,0.00,0.17,0.05,0.02,0.00,0.04,0.01,0.01,0.98,0.99
66,0.00,0.41,0.01,0.26,0.01,0.00,0.04,0.01,0.01,0.81,0.16,0.00,0.00,0.04,0.01,0.77,0.00,0.00,0.05,0.01,0.98,0.09
37,0.00,0.08,0.02,0.73,0.08,0.00,0.61,0.00,0.52,0.36,0.10,0.00,0.00,0.14,0.00,0.70,0.00,0.01,0.01,0.01,0.99,0.83
96,0.00,0.61,0.01,0.71,0.03,0.00,0.73,0.00,0.09,0.14,0.05,0.00,0.00,0.05,0.00,0.45,0.00,0.00,1.00,0.02,0.94,0.20
9,0.00,0.02,0.00,0.85,0.10,0.00,0.24,0.00,1.00,0.02,0.12,0.00,0.00,0.18,0.03,0.02,0.00,0.03,0.01,0.02,0.98,0.99
67,0.00,0.25,0.00,0.38,0.01,0.00,0.04,0.00,0.01,0.55,0.12,0.00,0.00,0.02,0.01,0.73,0.00,0.00,0.96,0.02,0.81,0.03
38,0.00,0.02,0.01,0.97,0.11,0.00,0.09,0.00,0.11,0.34,0.13,0.00,0.00,0.12,0.00,0.82,0.00,0.03,0.05,0.01,0.52,0.28
97,0.00,0.97,0.01,0.80,0.02,0.00,0.66,0.00,0.05,0.25,0.29,0.00,0.00,0.02,0.00,0.69,0.00,0.00,0.47,0.04,0.93,0.09
10,0.00,0.05,0.00,0.56,0.13,0.00,0.23,0.00,1.00,0.05,0.07,0.00,0.00,0.09,0.50,0.02,0.00,0.01,0.01,0.03,0.93,0.86
68,0.00,0.07,0.00,0.52,0.02,0.00,0.09,0.00,0.02,0.30,0.19,0.00,0.00,0.02,0.01,0.59,0.00,0.01,0.03,0.18,0.25,0.04
39,0.00,0.04,0.02,0.90,0.04,0.00,0.26,0.00,0.01,0.26,0.10,0.00,0.12,0.04,0.00,0.55,0.00,0.02,0.22,0.02,0.21,0.02
98,0.00,0.99,0.02,0.90,0.02,0.00,0.99,0.00,0.09,0.25,0.57,0.00,0.00,0.01,0.00,0.76,0.00,0.01,0.00,0.01,1.00,0.37
11,0.00,0.05,0.00,0.58,0.13,0.00,0.23,0.00,1.00,0.05,0.07,0.00,0.00,0.09,0.50,0.02,0.00,0.01,0.01,0.03,0.93,0.86
69,0.00,0.01,0.00,0.33,0.04,0.00,0.03,0.00,0.03,0.20,0.06,0.00,0.00,0.02,0.03,0.84,0.01,0.01,0.03,0.05,0.09,0.09
40,0.00,0.07,0.01,0.90,0.03,0.00,0.05,0.00,0.02,0.18,0.12,0.00,0.07,0.05,0.01,0.72,0.00,0.01,0.73,0.01,0.11,0.03
99,0.00,0.82,0.09,0.66,0.03,0.00,0.99,0.00,0.11,0.21,0.09,0.00,0.00,0.01,0.00,0.81,0.00,0.01,0.01,0.01,1.00,0.37
12,0.00,0.08,0.00,0.77,0.17,0.00,0.05,0.00,1.00,0.04,0.03,0.00,0.00,0.10,0.52,0.05,0.01,0.00,0.01,0.02,0.88,0.97
70,0.00,0.14,0.06,0.91,0.05,0.00,0.99,0.00,0.03,0.06,0.03,0.00,0.00,0.03,0.00,0.38,0.00,0.00,0.39,0.04,0.81,0.09
41,0.00,0.12,0.01,0.95,0.02,0.00,0.07,0.00,0.02,0.25,0.16,0.00,0.00,0.03,0.00,0.81,0.00,0.02,0.47,0.01,0.17,0.04
13,0.00,0.00,0.00,0.00,0.02,0.00,0.22,0.00,0.02,0.00,0.00,0.00,0.05,0.48,0.95,0.01,0.38,0.00,0.18,0.06,0.00,0.01
100,0.00,0.55,0.11,0.08,0.01,0.00,0.58,0.00,0.06,0.59,0.36,0.00,0.00,0.01,0.00,0.64,0.00,0.01,0.58,0.01,0.98,0.01
71,0.00,0.39,0.01,0.17,0.01,0.00,0.53,0.00,0.10,0.55,0.61,0.00,0.00,0.02,0.00,0.49,0.00,0.02,0.03,0.29,0.97,0.07
42,0.00,0.07,0.01,0.93,0.03,0.00,0.01,0.00,0.01,0.25,0.07,0.00,0.00,0.04,0.01,0.93,0.00,0.01,0.20,0.01,0.08,0.05
14,0.00,0.01,0.00,0.00,0.01,0.00,0.76,0.00,0.02,0.00,0.00,0.00,0.00,0.88,0.83,0.01,0.08,0.02,0.23,0.13,0.00,0.00
101,0.00,0.15,0.01,0.30,0.01,0.00,0.11,0.00,0.05,0.75,0.66,0.00,0.00,0.00,0.00,0.82,0.00,0.14,0.03,0.01,0.92,0.03
72,0.00,0.04,0.00,0.37,0.01,0.00,0.01,0.00,0.06,0.53,0.08,0.00,0.00,0.01,0.02,0.55,0.00,0.00,0.06,0.41,0.52,0.12
43,0.00,0.12,0.00,0.85,0.02,0.00,0.01,0.00,0.03,0.50,0.23,0.00,0.00,0.04,0.01,0.88,0.00,0.00,0.09,0.03,0.39,0.05
15,0.00,0.01,0.00,0.00,0.01,0.00,0.47,0.00,0.01,0.00,0.00,0.00,0.00,0.88,0.93,0.01,0.10,0.01,0.22,0.12,0.00,0.00
102,0.00,0.28,0.00,0.02,0.00,0.00,0.02,0.00,0.01,0.28,0.05,0.00,0.00,0.01,0.00,0.38,0.00,0.00,0.07,0.77,0.37,0.02
73,0.00,0.05,0.00,0.47,0.01,0.00,0.00,0.00,0.42,0.51,0.10,0.00,0.00,0.01,0.13,0.54,0.01,0.00,0.06,0.14,0.99,0.82
44,0.00,0.05,0.00,1.00,0.08,0.00,0.03,0.00,0.09,0.36,0.72,0.00,0.00,0.20,0.01,0.86,0.00,0.12,0.00,0.01,0.29,0.51
16,0.00,0.01,0.00,0.01,0.01,0.00,0.94,0.00,0.03,0.00,0.00,0.00,0.00,0.85,0.32,0.00,0.08,0.05,0.24,0.17,0.00,0.00
103,0.00,0.58,0.00,0.94,0.02,0.00,0.71,0.00,0.96,0.33,0.72,0.00,0.00,0.03,0.02,0.27,0.00,0.00,0.06,0.03,1.00,0.97
74,0.00,0.13,0.01,0.07,0.00,0.00,0.03,0.00,0.02,0.58,0.15,0.00,0.00,0.01,0.01,0.69,0.00,0.03,0.45,0.13,0.58,0.01
45,0.00,0.06,0.02,1.00,0.05,0.00,0.22,0.00,0.20,0.26,0.90,0.00,0.00,0.15,0.00,0.57,0.00,0.18,0.00,0.02,0.64,0.64
17,0.00,0.01,0.00,0.00,0.01,0.00,0.59,0.00,0.01,0.00,0.00,0.00,0.00,0.90,0.86,0.01,0.09,0.02,0.22,0.15,0.00,0.00
104,0.00,0.98,0.02,0.85,0.03,0.00,0.99,0.00,1.00,0.47,0.85,0.00,0.00,0.02,0.01,0.21,0.00,0.01,0.00,0.01,1.00,1.00
75,0.00,0.57,0.00,0.26,0.00,0.00,0.04,0.00,0.02,0.77,0.49,0.00,0.00,0.01,0.00,0.37,0.00,0.04,0.19,0.09,0.92,0.01
46,0.00,0.05,0.05,1.00,0.04,0.00,0.69,0.00,0.06,0.29,0.32,0.00,0.05,0.11,0.00,0.38,0.00,0.10,0.00,0.03,0.92,0.38
18,0.00,0.01,0.00,0.00,0.01,0.00,0.50,0.00,0.01,0.00,0.00,0.00,0.00,0.88,0.92,0.01,0.09,0.01,0.23,0.11,0.00,0.00
105,0.00,0.35,0.03,0.16,0.02,0.00,0.68,0.00,0.06,0.07,0.02,0.00,0.00,0.10,0.00,0.31,0.00,0.00,0.18,0.20,0.38,0.13
76,0.00,0.21,0.00,0.42,0.01,0.00,0.10,0.00,0.05,0.07,0.21,0.00,0.00,0.06,0.02,0.30,0.00,0.01,0.21,0.32,0.04,0.05
47,0.00,0.05,0.02,0.49,0.04,0.00,0.62,0.00,0.03,0.27,0.01,0.00,0.00,0.08,0.00,0.59,0.00,0.01,0.07,0.04,0.96,0.16
19,0.00,0.99,0.04,0.98,0.02,0.00,0.98,0.00,0.03,0.05,0.06,0.00,0.00,0.02,0.00,0.31,0.00,0.00,0.05,0.10,0.38,0.22
106,0.00,0.13,0.00,0.35,0.03,0.00,0.31,0.00,0.05,0.63,0.14,0.00,0.00,0.12,0.02,0.25,0.00,0.02,0.05,0.02,1.00,0.26
77,0.00,0.15,0.00,0.51,0.01,0.00,0.01,0.00,0.01,0.09,0.16,0.00,0.00,0.03,0.04,0.37,0.00,0.00,0.45,0.81,0.03,0.04
48,0.00,0.06,0.37,0.92,0.07,0.00,0.87,0.00,0.98,0.52,0.03,0.00,0.00,0.04,0.00,0.17,0.00,0.00,0.00,0.03,1.00,0.87
20,0.00,0.44,0.01,0.11,0.01,0.00,0.34,0.02,0.93,0.99,0.32,0.00,0.00,0.01,0.00,0.05,0.01,0.78,0.02,0.05,1.00,0.07
107,0.00,0.34,0.01,0.17,0.01,0.00,0.65,0.00,0.02,0.39,0.01,0.00,0.00,0.35,0.00,0.05,0.00,0.00,0.31,0.75,0.96,0.06
78,0.00,0.62,0.10,0.07,0.01,0.00,0.87,0.00,0.40,0.95,0.11,0.00,0.00,0.03,0.00,0.41,0.00,0.04,0.00,0.01,1.00,0.46
49,0.00,0.07,0.04,0.19,0.09,0.00,0.94,0.00,0.98,0.24,0.03,0.00,0.00,0.06,0.00,0.37,0.00,0.00,0.00,0.01,1.00,0.92
21,0.00,0.91,0.00,0.91,0.01,0.00,0.02,0.00,0.04,0.30,0.99,0.00,0.00,0.01,0.10,0.95,0.00,0.03,0.00,0.02,0.23,0.13
108,0.00,0.23,0.01,0.41,0.01,0.00,0.48,0.00,0.03,0.18,0.03,0.00,0.00,0.40,0.01,0.17,0.00,0.00,0.88,0.29,0.88,0.07
79,0.00,0.77,0.06,0.04,0.02,0.00,0.39,0.00,0.42,0.73,0.18,0.00,0.00,0.05,0.00,0.68,0.00,0.03,0.00,0.00,1.00,0.44
50,0.00,0.31,0.03,0.24,0.03,0.00,0.99,0.00,0.90,0.39,0.16,0.00,0.00,0.02,0.00,0.19,0.00,0.06,0.00,0.00,1.00,0.92
22,0.00,0.00,0.00,0.00,0.02,0.00,0.22,0.00,0.02,0.00,0.00,0.00,0.05,0.48,0.95,0.01,0.38,0.00,0.18,0.06,0.00,0.01
109,0.00,0.33,0.00,0.42,0.01,0.00,0.11,0.01,0.02,0.19,0.08,0.00,0.00,0.05,0.01,0.40,0.00,0.00,0.96,0.06,0.16,0.03
80,0.00,0.23,0.00,0.04,0.02,0.00,0.87,0.00,0.99,0.35,0.01,0.00,0.00,0.87,0.00,0.05,0.00,0.00,0.03,0.02,1.00,0.97
51,0.00,0.89,0.03,0.90,0.05,0.00,0.99,0.00,0.76,0.43,0.30,0.00,0.00,0.01,0.00,0.08,0.00,0.27,0.00,0.00,1.00,0.67
23,0.00,0.00,0.00,0.00,0.02,0.00,0.22,0.00,0.02,0.00,0.00,0.00,0.05,0.48,0.95,0.01,0.38,0.00,0.18,0.06,0.00,0.01
110,0.00,0.12,0.03,0.04,0.01,0.00,0.21,0.00,0.89,0.97,0.18,0.00,0.00,0.05,0.00,0.82,0.00,0.09,0.00,0.01,1.00,0.50
81,0.00,0.08,0.12,0.79,0.09,0.00,0.97,0.00,0.13,0.08,0.03,0.00,0.00,0.04,0.00,0.56,0.00,0.01,0.00,0.06,0.83,0.20
52,0.00,0.29,0.01,0.53,0.05,0.00,0.32,0.00,0.20,0.05,0.06,0.01,0.00,0.02,0.05,0.49,0.00,0.02,0.01,0.04,0.91,0.40
24,0.00,0.00,0.00,0.00,0.02,0.00,0.22,0.00,0.02,0.00,0.00,0.00,0.05,0.48,0.95,0.01,0.38,0.00,0.18,0.06,0.00,0.01
111,0.00,0.13,0.01,0.03,0.01,0.00,0.07,0.00,0.19,0.99,0.25,0.00,0.00,0.01,0.00,0.93,0.00,0.05,0.00,0.01,1.00,0.15
82,0.00,0.01,0.07,0.07,0.06,0.00,0.44,0.00,0.49,0.49,0.01,0.00,0.00,0.71,0.00,0.05,0.00,0.00,0.88,0.09,1.00,0.15
53,0.00,0.14,0.01,0.78,0.02,0.00,0.89,0.00,0.06,0.11,0.05,0.00,0.00,0.02,0.00,0.81,0.00,0.00,0.08,0.04,0.63,0.04
25,0.00,0.00,0.00,0.00,0.02,0.00,0.22,0.00,0.02,0.00,0.00,0.00,0.05,0.48,0.95,0.01,0.38,0.00,0.18,0.06,0.00,0.01
112,0.00,0.91,0.00,0.08,0.02,0.00,0.21,0.00,0.38,0.80,0.37,0.00,0.00,0.09,0.05,0.08,0.00,0.02,0.00,0.01,1.00,0.72
83,0.00,0.02,0.01,0.17,0.06,0.00,0.02,0.00,0.00,0.16,0.01,0.00,0.00,0.26,0.00,0.87,0.00,0.01,0.41,0.15,0.10,0.01
54,0.00,0.94,0.01,0.43,0.02,0.00,0.89,0.01,0.41,0.09,0.88,0.00,0.00,0.10,0.01,0.08,0.01,0.29,0.00,0.02,0.99,0.80
26,0.00,0.00,0.00,0.00,0.02,0.00,0.22,0.00,0.02,0.00,0.00,0.00,0.05,0.48,0.95,0.01,0.38,0.00,0.18,0.06,0.00,0.01
113,0.00,0.12,0.00,0.10,0.02,0.00,0.15,0.00,0.56,0.62,0.31,0.00,0.00,0.04,0.05,0.28,0.00,0.02,0.01,0.06,1.00,0.16
84,0.00,0.14,0.01,0.05,0.00,0.00,0.15,0.00,0.58,1.00,0.38,0.00,0.00,0.08,0.00,0.58,0.00,0.23,0.01,0.00,1.00,0.52
55,0.00,0.93,0.01,0.26,0.03,0.00,0.91,0.02,0.51,0.06,0.88,0.00,0.00,0.06,0.02,0.07,0.02,0.27,0.00,0.01,0.96,0.87
27,0.00,0.00,0.00,0.00,0.02,0.00,0.22,0.00,0.02,0.00,0.00,0.00,0.05,0.48,0.95,0.01,0.38,0.00,0.18,0.06,0.00,0.01
114,0.00,0.06,0.03,0.29,0.02,0.00,0.08,0.00,0.59,0.31,0.02,0.00,0.00,0.02,0.00,0.98,0.00,0.01,0.01,0.02,0.87,0.12
56,0.00,0.43,0.01,0.66,0.00,0.00,0.73,0.01,0.12,0.15,0.65,0.00,0.00,0.08,0.01,0.15,0.02,0.19,0.03,0.04,0.64,0.10
85,0.00,0.12,0.00,0.10,0.00,0.00,0.04,0.00,0.05,1.00,0.26,0.00,0.00,0.01,0.00,0.84,0.00,0.05,0.02,0.01,1.00,0.11
28,0.00,0.01,0.00,0.17,0.01,0.00,0.00,0.00,0.05,0.94,0.02,0.00,0.00,0.02,0.05,0.95,0.00,0.00,0.11,0.10,0.85,0.10
115,0.00,0.05,0.01,0.10,0.01,0.00,0.07,0.00,0.01,0.33,0.02,0.00,0.00,0.04,0.00,0.91,0.00,0.00,0.18,0.03,0.96,0.02
57,0.00,0.47,0.01,0.37,0.00,0.00,0.46,0.00,0.27,0.09,0.16,0.00,0.00,0.09,0.01,0.18,0.00,0.00,0.45,0.09,0.14,0.04
86,0.00,0.44,0.03,0.47,0.01,0.00,0.99,0.00,0.40,0.32,0.10,0.00,0.00,0.07,0.00,0.07,0.00,0.01,0.04,0.02,1.00,0.69
116,0.00,0.30,0.00,0.02,0.01,0.00,0.07,0.00,0.01,0.35,0.05,0.01,0.00,0.01,0.00,0.66,0.01,0.01,0.35,0.02,0.86,0.01
145,0.00,0.22,0.01,0.66,0.01,0.00,0.20,0.02,0.08,0.33,0.24,0.00,0.00,0.01,0.04,0.31,0.01,0.04,0.02,0.02,0.79,0.16
174,0.00,0.60,0.00,0.05,0.00,0.00,0.01,0.01,0.16,0.91,0.74,0.01,0.00,0.01,0.01,0.17,0.02,0.20,0.04,0.04,1.00,0.16
203,0.00,0.03,0.12,0.65,0.07,0.00,0.08,0.00,0.01,0.21,0.44,0.00,0.00,0.01,0.01,0.46,0.01,0.01,0.00,0.05,0.81,0.05
117,0.00,0.73,0.01,0.07,0.01,0.00,0.03,0.01,0.01,0.40,0.02,0.01,0.00,0.00,0.01,0.87,0.00,0.01,0.02,0.02,0.92,0.03
146,0.00,0.83,0.11,0.52,0.03,0.00,0.91,0.00,0.16,0.42,0.30,0.00,0.00,0.04,0.00,0.41,0.00,0.23,0.00,0.00,1.00,0.57
175,0.00,0.49,0.00,0.07,0.00,0.00,0.04,0.01,0.01,0.91,0.97,0.00,0.00,0.01,0.01,0.33,0.02,0.11,0.02,0.01,0.99,0.04
204,0.00,0.04,0.01,0.90,0.01,0.00,0.12,0.00,0.01,0.25,0.28,0.00,0.00,0.03,0.02,0.68,0.01,0.03,0.05,0.02,0.24,0.02
118,0.00,1.00,0.03,0.09,0.00,0.00,0.93,0.00,0.94,0.81,0.43,0.00,0.00,0.03,0.00,0.12,0.00,0.05,0.00,0.00,1.00,0.94
147,0.00,0.74,0.29,0.08,0.01,0.00,0.91,0.00,0.18,0.96,0.06,0.00,0.09,0.00,0.00,0.23,0.00,0.09,0.14,0.01,1.00,0.05
176,0.00,1.00,0.00,0.07,0.01,0.00,0.13,0.03,0.05,0.86,1.00,0.00,0.00,0.01,0.06,0.09,0.01,0.26,0.01,0.00,1.00,0.24
205,0.00,0.18,0.01,0.91,0.01,0.00,0.20,0.01,0.02,0.09,0.80,0.00,0.00,0.07,0.01,0.35,0.02,0.16,0.07,0.03,0.04,0.06
119,0.00,0.91,0.00,0.26,0.00,0.00,0.08,0.00,0.31,0.91,0.13,0.00,0.00,0.02,0.04,0.30,0.00,0.00,0.02,0.10,1.00,0.32
148,0.00,0.84,0.09,0.38,0.01,0.00,0.55,0.00,0.09,0.91,0.14,0.01,0.11,0.00,0.00,0.23,0.00,0.36,0.08,0.00,1.00,0.07
177,0.00,0.95,0.00,0.26,0.01,0.00,0.06,0.02,0.10,0.90,0.90,0.00,0.00,0.01,0.11,0.17,0.01,0.34,0.01,0.00,1.00,0.12
206,0.00,0.97,0.00,0.49,0.02,0.00,0.66,0.01,0.03,0.11,1.00,0.00,0.00,0.02,0.08,0.07,0.05,0.97,0.00,0.00,0.72,0.05
120,0.00,0.63,0.00,0.31,0.01,0.00,0.04,0.00,0.03,0.13,0.42,0.00,0.00,0.00,0.03,0.30,0.00,0.01,0.01,0.44,0.22,0.06
149,0.00,0.40,0.01,0.92,0.01,0.00,0.19,0.01,0.01,0.98,0.95,0.02,0.13,0.00,0.00,0.16,0.00,1.00,0.03,0.00,1.00,0.11
178,0.00,0.61,0.01,0.09,0.01,0.01,0.89,0.00,0.88,0.46,0.02,0.00,0.00,0.88,0.01,0.04,0.00,0.02,0.01,0.00,1.00,0.87
207,0.00,0.69,0.00,0.32,0.02,0.00,0.15,0.01,0.02,0.25,0.99,0.00,0.00,0.02,0.06,0.39,0.07,0.55,0.00,0.00,0.34,0.06
121,0.00,0.10,0.00,0.80,0.01,0.00,0.04,0.00,0.33,0.12,0.15,0.00,0.00,0.02,0.05,0.24,0.00,0.00,0.01,0.88,0.30,0.17
150,0.00,0.23,0.00,1.00,0.00,0.00,0.06,0.04,0.00,0.61,1.00,0.01,0.00,0.00,0.01,0.31,0.01,1.00,0.04,0.00,0.75,0.12
179,0.00,1.00,0.00,0.06,0.03,0.00,0.88,0.01,0.30,0.36,0.03,0.00,0.00,0.44,0.20,0.02,0.01,0.00,0.01,0.00,1.00,0.46
208,0.00,0.13,0.00,0.25,0.03,0.00,0.01,0.00,0.04,0.07,0.90,0.00,0.00,0.08,0.49,0.90,0.01,0.05,0.01,0.02,0.08,0.10
122,0.00,0.97,0.01,0.88,0.01,0.00,0.62,0.00,0.30,0.77,0.96,0.00,0.00,0.01,0.00,0.18,0.00,0.53,0.00,0.00,1.00,0.52
151,0.00,0.90,0.01,1.00,0.01,0.00,0.52,0.02,0.20,0.42,0.96,0.00,0.00,0.00,0.00,0.27,0.01,0.93,0.00,0.01,0.96,0.46
180,0.00,0.39,0.01,0.02,0.00,0.00,0.60,0.00,0.97,0.90,0.64,0.00,0.00,0.09,0.00,0.23,0.00,0.19,0.00,0.00,1.00,0.84
209,0.00,0.09,0.00,1.00,0.01,0.00,0.01,0.00,0.02,0.13,0.90,0.01,0.00,0.05,0.55,0.27,0.12,0.72,0.00,0.00,0.21,0.03
123,0.00,0.04,0.00,0.45,0.08,0.00,0.37,0.00,0.39,0.28,0.08,0.00,0.00,0.05,0.01,0.34,0.00,0.00,0.02,0.08,1.00,0.46
152,0.00,0.60,0.01,0.88,0.01,0.00,0.75,0.04,0.14,0.26,0.98,0.00,0.00,0.00,0.02,0.12,0.01,0.92,0.01,0.13,0.99,0.16
181,0.00,0.03,0.01,0.03,0.00,0.00,0.60,0.00,0.88,0.89,0.39,0.00,0.00,0.07,0.00,0.59,0.00,0.08,0.00,0.01,1.00,0.70
210,0.00,0.01,0.00,0.41,0.01,0.00,0.00,0.00,0.09,0.16,0.06,0.00,0.00,0.05,0.37,0.54,0.01,0.00,0.05,0.21,0.13,0.13
124,0.00,0.02,0.00,0.09,0.01,0.00,0.00,0.00,0.01,0.11,0.01,0.00,0.00,0.04,0.04,0.37,0.01,0.00,0.09,1.00,0.03,0.03
153,0.00,0.80,0.00,0.84,0.00,0.00,0.28,0.06,0.08,0.84,0.21,0.00,0.00,0.01,0.00,0.04,0.01,0.86,0.26,0.80,0.99,0.04
182,0.00,0.98,0.00,0.04,0.01,0.00,1.00,0.00,1.00,0.64,0.11,0.00,0.00,0.04,0.00,0.01,0.01,0.16,0.01,0.00,1.00,0.98
211,0.00,0.47,0.02,0.40,0.01,0.00,0.79,0.00,0.08,0.30,0.13,0.00,0.00,0.07,0.01,0.25,0.01,0.01,0.02,0.06,0.99,0.50
125,0.00,0.16,0.01,0.03,0.01,0.00,0.13,0.00,0.18,0.80,0.02,0.00,0.00,0.01,0.01,0.84,0.00,0.01,0.05,0.06,1.00,0.25
154,0.00,0.01,0.00,0.14,0.02,0.00,0.00,0.00,0.02,0.01,0.03,0.00,0.00,0.29,0.29,0.18,0.00,0.00,0.09,1.00,0.00,0.01
183,0.00,0.93,0.00,0.05,0.00,0.00,1.00,0.01,0.91,0.71,0.45,0.00,0.00,0.05,0.00,0.01,0.01,0.56,0.01,0.01,1.00,0.77
212,0.00,0.68,0.03,0.43,0.01,0.00,0.75,0.00,0.08,0.27,0.05,0.00,0.00,0.09,0.00,0.25,0.00,0.00,0.09,0.07,0.96,0.20
126,0.00,0.98,0.02,0.02,0.00,0.00,0.39,0.01,0.04,0.98,0.23,0.00,0.00,0.01,0.00,0.12,0.00,0.48,0.03,0.01,1.00,0.04
155,0.00,0.05,0.00,0.01,0.01,0.00,0.01,0.00,0.12,0.12,0.01,0.08,0.00,0.00,0.03,0.01,0.93,0.94,0.02,0.98,0.46,0.09
184,0.00,0.96,0.00,0.10,0.00,0.00,0.98,0.01,0.97,0.90,0.79,0.00,0.00,0.06,0.00,0.02,0.01,0.66,0.00,0.01,1.00,0.93
213,0.00,0.25,0.02,0.45,0.01,0.00,0.53,0.00,0.06,0.22,0.15,0.00,0.00,0.06,0.00,0.40,0.00,0.01,0.04,0.15,0.88,0.25
127,0.00,0.06,0.00,0.00,0.01,0.00,0.01,0.01,0.05,0.48,0.03,0.10,0.00,0.00,0.07,0.01,0.92,0.98,0.04,0.71,0.90,0.11
156,0.00,0.99,0.00,0.44,0.01,0.00,0.05,0.01,0.03,0.32,0.98,0.00,0.00,0.01,0.04,0.12,0.02,0.10,0.00,0.07,0.89,0.08
185,0.00,0.87,0.00,0.14,0.00,0.00,0.99,0.01,0.94,0.78,0.73,0.00,0.00,0.21,0.00,0.03,0.01,0.39,0.01,0.02,1.00,0.92
214,0.00,0.69,0.04,0.17,0.02,0.00,0.99,0.00,0.68,0.42,0.07,0.00,0.00,0.05,0.01,0.13,0.00,0.00,0.03,0.03,1.00,0.92
128,0.00,0.84,0.01,0.11,0.01,0.00,0.05,0.01,0.04,0.92,0.49,0.00,0.00,0.01,0.01,0.89,0.01,0.04,0.00,0.01,1.00,0.10
157,0.00,0.88,0.00,0.08,0.01,0.00,0.05,0.02,0.04,0.73,0.52,0.00,0.00,0.01,0.02,0.23,0.03,0.30,0.07,0.05,1.00,0.10
186,0.00,0.61,0.00,0.07,0.00,0.00,0.11,0.01,0.06,0.90,0.94,0.00,0.00,0.08,0.01,0.11,0.01,0.58,0.03,0.00,0.98,0.13
215,0.00,0.21,0.04,0.07,0.01,0.00,0.95,0.00,0.71,0.60,0.03,0.00,0.00,0.06,0.00,0.17,0.00,0.00,0.11,0.04,1.00,0.85
129,0.00,0.77,0.00,0.18,0.02,0.00,0.05,0.01,0.03,0.87,0.92,0.00,0.00,0.01,0.01,0.86,0.01,0.05,0.01,0.00,0.97,0.12
187,0.00,0.98,0.01,0.06,0.01,0.01,1.00,0.00,0.83,0.10,0.11,0.00,0.00,0.51,0.00,0.02,0.00,0.04,0.00,0.00,1.00,0.96
158,0.00,0.62,0.01,0.40,0.02,0.00,0.09,0.01,0.01,0.94,0.26,0.00,0.00,0.00,0.00,0.95,0.01,0.03,0.00,0.01,1.00,0.05
216,0.00,0.13,0.03,0.06,0.01,0.00,0.96,0.00,0.79,0.59,0.01,0.00,0.00,0.07,0.00,0.12,0.00,0.00,0.23,0.06,1.00,0.81
130,0.00,1.00,0.00,0.09,0.01,0.00,0.21,0.01,0.06,0.33,0.95,0.00,0.00,0.04,0.02,0.14,0.01,0.03,0.01,0.00,0.99,0.16
188,0.00,0.89,0.01,0.11,0.01,0.00,1.00,0.00,0.98,0.18,0.12,0.00,0.00,0.35,0.00,0.02,0.00,0.02,0.00,0.00,1.00,1.00
159,0.00,0.58,0.01,0.27,0.01,0.00,0.08,0.01,0.01,0.93,0.47,0.00,0.00,0.00,0.00,0.95,0.01,0.04,0.01,0.01,0.99,0.04
217,0.00,0.15,0.05,0.06,0.01,0.00,0.93,0.00,0.25,0.74,0.01,0.00,0.00,0.11,0.00,0.14,0.00,0.00,0.28,0.08,1.00,0.55
131,0.00,0.21,0.00,0.09,0.01,0.00,0.10,0.00,0.03,0.50,0.28,0.00,0.00,0.00,0.00,0.53,0.05,0.42,0.05,0.02,0.68,0.03
189,0.00,0.96,0.01,0.03,0.00,0.01,1.00,0.00,0.81,0.13,0.14,0.00,0.00,0.04,0.00,0.01,0.01,0.61,0.01,0.00,1.00,0.94
160,0.00,0.45,0.00,0.77,0.01,0.00,0.04,0.00,0.01,0.67,0.59,0.00,0.00,0.01,0.07,0.71,0.01,0.01,0.01,0.15,0.78,0.08
218,0.00,0.16,0.05,0.08,0.01,0.00,0.95,0.00,0.25,0.78,0.02,0.00,0.00,0.06,0.00,0.13,0.00,0.00,0.18,0.09,1.00,0.59
132,0.00,0.52,0.00,0.01,0.00,0.00,0.03,0.00,0.05,0.88,0.06,0.00,0.00,0.00,0.00,0.27,0.03,0.05,0.82,0.05,0.99,0.02
190,0.00,0.94,0.01,0.02,0.00,0.00,1.00,0.01,0.58,0.18,0.38,0.00,0.00,0.04,0.01,0.01,0.00,0.89,0.02,0.00,1.00,0.84
161,0.00,0.84,0.00,0.66,0.00,0.00,0.09,0.00,0.04,0.88,0.87,0.00,0.00,0.01,0.03,0.33,0.01,0.01,0.01,0.04,0.99,0.13
219,0.00,0.88,0.02,0.22,0.01,0.00,0.19,0.01,0.39,0.78,0.59,0.00,0.00,0.12,0.01,0.31,0.00,0.01,0.03,0.02,1.00,0.64
133,0.00,0.80,0.03,0.97,0.01,0.00,0.34,0.00,0.00,0.83,0.18,0.04,0.19,0.02,0.00,0.27,0.00,0.03,0.00,0.01,0.92,0.02
191,0.00,0.96,0.01,0.01,0.00,0.00,1.00,0.01,0.78,0.18,0.25,0.00,0.00,0.06,0.00,0.01,0.01,0.68,0.01,0.00,1.00,0.81
162,0.00,0.83,0.00,0.23,0.01,0.00,0.03,0.01,0.02,0.11,0.34,0.00,0.00,0.02,0.01,0.45,0.01,0.02,0.41,0.02,0.18,0.02
220,0.00,0.48,0.02,0.17,0.01,0.00,0.17,0.01,0.32,0.83,0.20,0.00,0.00,0.22,0.01,0.34,0.00,0.01,0.10,0.05,1.00,0.53
134,0.00,0.88,0.06,0.47,0.01,0.00,0.26,0.01,0.01,0.89,0.96,0.01,0.10,0.03,0.00,0.21,0.00,0.81,0.00,0.00,0.97,0.08
192,0.00,0.96,0.01,0.02,0.01,0.00,1.00,0.00,0.93,0.29,0.21,0.00,0.00,0.62,0.00,0.02,0.00,0.03,0.00,0.00,1.00,0.92
163,0.00,0.86,0.01,0.60,0.00,0.00,0.06,0.01,0.02,0.35,0.20,0.00,0.00,0.01,0.05,0.45,0.00,0.00,0.01,0.50,0.64,0.08
221,0.00,0.29,0.01,0.12,0.00,0.00,0.14,0.01,0.34,0.91,0.12,0.00,0.00,0.25,0.00,0.29,0.00,0.01,0.18,0.07,1.00,0.43
135,0.00,0.34,0.01,0.99,0.02,0.00,0.13,0.01,0.01,0.54,0.95,0.00,0.00,0.01,0.00,0.63,0.00,0.07,0.00,0.02,0.90,0.12
193,0.00,0.98,0.01,0.01,0.01,0.00,1.00,0.00,0.96,0.36,0.26,0.00,0.00,0.76,0.00,0.02,0.01,0.02,0.00,0.00,1.00,0.97
164,0.00,0.99,0.01,0.00,0.01,0.00,0.07,0.01,0.03,0.96,0.91,0.00,0.00,0.05,0.02,0.25,0.03,0.06,0.00,0.00,1.00,0.13
222,0.00,0.26,0.05,0.13,0.01,0.00,0.41,0.00,0.62,0.73,0.11,0.00,0.00,0.45,0.00,0.23,0.00,0.00,0.19,0.05,1.00,0.53
136,0.00,0.92,0.00,0.30,0.01,0.00,0.10,0.02,0.01,0.79,0.33,0.00,0.00,0.00,0.01,0.64,0.01,0.06,0.02,0.00,0.97,0.08
194,0.00,0.74,0.00,0.05,0.01,0.00,0.95,0.00,1.00,0.70,0.10,0.00,0.00,0.14,0.00,0.05,0.00,0.00,0.01,0.09,1.00,1.00
165,0.00,0.56,0.01,0.82,0.02,0.00,0.02,0.01,0.03,0.53,0.98,0.00,0.00,0.07,0.03,0.85,0.00,0.02,0.01,0.05,0.86,0.17
223,0.00,0.13,0.04,0.11,0.01,0.00,0.31,0.00,0.61,0.80,0.06,0.00,0.00,0.59,0.00,0.19,0.00,0.00,0.30,0.09,1.00,0.42
137,0.00,0.45,0.00,0.97,0.02,0.00,0.05,0.01,0.02,0.64,0.59,0.00,0.00,0.01,0.02,0.56,0.00,0.01,0.00,0.06,0.95,0.20
195,0.00,0.74,0.00,0.02,0.00,0.00,0.07,0.01,0.07,1.00,0.19,0.00,0.00,0.02,0.02,0.33,0.00,0.01,0.02,0.01,1.00,0.14
166,0.00,0.49,0.00,0.06,0.00,0.00,0.06,0.01,0.08,0.65,0.05,0.00,0.00,0.15,0.03,0.30,0.01,0.03,0.03,0.05,0.99,0.13
224,0.00,0.11,0.04,0.10,0.01,0.00,0.32,0.00,0.66,0.72,0.05,0.00,0.00,0.59,0.00,0.19,0.00,0.00,0.33,0.10,1.00,0.43
138,0.00,0.10,0.00,1.00,0.01,0.00,0.16,0.00,0.02,0.24,0.93,0.00,0.00,0.01,0.00,0.63,0.00,0.09,0.00,0.02,0.40,0.09
196,0.00,0.27,0.00,0.04,0.00,0.00,0.01,0.00,0.01,1.00,0.13,0.00,0.00,0.05,0.01,0.27,0.00,0.00,0.11,0.03,1.00,0.04
167,0.00,0.53,0.00,0.29,0.01,0.00,0.13,0.01,0.16,0.84,0.34,0.00,0.00,0.04,0.01,0.14,0.00,0.03,0.09,0.03,0.99,0.24
225,0.00,0.13,0.04,0.11,0.01,0.00,0.40,0.00,0.63,0.67,0.05,0.00,0.00,0.53,0.00,0.22,0.00,0.00,0.33,0.07,1.00,0.46
139,0.00,0.89,0.01,0.83,0.01,0.00,0.14,0.00,0.04,0.87,1.00,0.01,0.00,0.01,0.00,0.45,0.00,0.52,0.00,0.00,0.99,0.18
197,0.00,0.87,0.00,0.14,0.01,0.00,0.02,0.00,0.00,1.00,0.49,0.00,0.00,0.01,0.01,0.38,0.01,0.02,0.03,0.02,1.00,0.03
168,0.00,0.30,0.00,0.49,0.00,0.00,0.03,0.00,0.06,0.93,0.08,0.00,0.00,0.05,0.01,0.26,0.00,0.00,0.35,0.11,0.98,0.11
226,0.00,0.11,0.03,0.10,0.01,0.00,0.31,0.00,0.64,0.73,0.04,0.00,0.00,0.60,0.00,0.18,0.00,0.00,0.36,0.10,1.00,0.44
140,0.00,0.47,0.01,0.55,0.01,0.00,0.02,0.00,0.09,0.96,0.61,0.00,0.00,0.01,0.01,0.23,0.01,0.09,0.00,0.01,0.99,0.14
198,0.00,0.79,0.00,0.02,0.01,0.00,0.02,0.00,0.00,0.99,0.25,0.00,0.00,0.00,0.00,0.49,0.01,0.02,0.05,0.04,0.99,0.01
169,0.00,0.65,0.00,0.10,0.00,0.00,0.20,0.01,0.03,1.00,0.73,0.00,0.00,0.02,0.00,0.16,0.00,0.24,0.01,0.01,1.00,0.09
227,0.00,0.13,0.03,0.10,0.01,0.00,0.32,0.00,0.66,0.81,0.05,0.00,0.00,0.56,0.00,0.18,0.00,0.00,0.32,0.10,1.00,0.47
141,0.00,0.33,0.00,0.67,0.01,0.00,0.01,0.00,0.04,0.77,0.23,0.00,0.00,0.01,0.02,0.56,0.01,0.02,0.01,0.01,0.66,0.08
199,0.00,0.56,0.00,0.56,0.01,0.00,0.19,0.01,0.08,0.20,0.46,0.00,0.00,0.01,0.00,0.28,0.01,0.03,0.05,0.04,0.96,0.09
170,0.00,0.97,0.01,0.05,0.01,0.00,0.22,0.01,0.01,0.96,0.51,0.00,0.00,0.00,0.00,0.31,0.02,0.12,0.00,0.00,0.99,0.03
228,0.00,0.11,0.03,0.15,0.01,0.00,0.22,0.00,0.64,0.82,0.08,0.00,0.00,0.56,0.00,0.21,0.00,0.00,0.39,0.09,1.00,0.37
142,0.00,0.72,0.00,0.60,0.01,0.00,0.04,0.00,0.00,0.76,0.60,0.00,0.00,0.01,0.01,0.86,0.00,0.01,0.01,0.05,0.89,0.04
200,0.00,0.42,0.00,0.27,0.00,0.00,0.01,0.01,0.00,0.79,0.12,0.01,0.00,0.00,0.01,0.35,0.01,0.01,0.31,0.06,0.98,0.02
171,0.00,0.31,0.00,0.24,0.01,0.00,0.01,0.01,0.05,0.88,0.31,0.00,0.00,0.01,0.02,0.76,0.02,0.02,0.01,0.00,0.94,0.08
229,0.00,0.09,0.02,0.10,0.00,0.00,0.14,0.00,0.73,0.91,0.06,0.00,0.00,0.53,0.00,0.28,0.00,0.00,0.32,0.09,1.00,0.35
143,0.00,0.14,0.01,0.21,0.00,0.00,0.45,0.00,0.04,0.69,0.05,0.00,0.00,0.03,0.00,0.19,0.00,0.08,0.70,0.13,1.00,0.04
201,0.00,0.23,0.00,0.51,0.00,0.00,0.01,0.02,0.01,0.35,0.89,0.00,0.00,0.00,0.04,0.49,0.01,0.14,0.13,0.04,0.82,0.14
172,0.00,0.03,0.00,0.80,0.01,0.00,0.02,0.00,0.09,0.55,0.67,0.01,0.00,0.02,0.01,0.57,0.01,0.10,0.02,0.01,0.80,0.05
230,0.00,0.10,0.02,0.17,0.01,0.00,0.06,0.00,0.06,0.59,0.06,0.00,0.00,0.25,0.00,0.60,0.00,0.01,0.13,0.19,0.97,0.06
144,0.00,0.02,0.00,0.39,0.02,0.00,0.99,0.00,0.80,0.18,0.01,0.00,0.00,0.13,0.02,0.13,0.00,0.00,0.01,0.31,1.00,0.80
202,0.00,0.16,0.08,0.05,0.01,0.00,0.08,0.02,0.74,0.98,0.80,0.01,0.00,0.00,0.07,0.05,0.00,0.38,0.01,0.06,1.00,0.17
173,0.00,0.33,0.00,0.10,0.01,0.00,0.01,0.02,0.01,0.32,0.99,0.05,0.00,0.01,0.02,0.65,0.01,0.58,0.04,0.01,0.48,0.05
231,0.00,0.59,0.01,0.39,0.00,0.00,0.61,0.00,0.05,0.46,0.15,0.00,0.00,0.04,0.00,0.18,0.00,0.01,0.08,0.12,0.98,0.11
232,0.00,0.01,0.00,0.93,0.02,0.00,0.55,0.00,0.56,0.15,0.06,0.00,0.00,0.78,0.00,0.18,0.00,0.04,0.03,0.05,1.00,0.63
261,0.00,0.56,0.01,0.47,0.04,0.00,0.01,0.00,0.18,0.75,0.95,0.00,0.00,0.03,0.12,0.73,0.02,0.05,0.00,0.00,0.84,0.33
290,0.00,0.88,0.00,0.42,0.01,0.00,0.04,0.01,0.03,0.84,1.00,0.00,0.00,0.00,0.09,0.12,0.00,0.91,0.04,0.12,0.98,0.14
319,0.00,0.98,0.05,0.05,0.00,0.00,0.78,0.00,0.99,0.97,0.77,0.00,0.00,0.04,0.00,0.14,0.00,0.12,0.01,0.00,1.00,0.98
233,0.00,0.15,0.00,0.67,0.00,0.00,0.03,0.00,0.03,0.16,0.82,0.00,0.00,0.03,0.14,0.51,0.02,0.07,0.00,0.23,0.11,0.09
262,0.00,0.23,0.00,0.85,0.01,0.00,0.02,0.00,0.02,0.44,0.55,0.00,0.00,0.01,0.01,0.86,0.01,0.02,0.01,0.01,0.67,0.14
291,0.00,0.34,0.00,0.60,0.01,0.00,0.01,0.01,0.01,0.47,0.75,0.00,0.00,0.00,0.06,0.32,0.02,0.03,0.09,0.08,0.75,0.06
320,0.00,0.99,0.05,0.04,0.01,0.00,0.67,0.11,0.01,0.46,0.37,0.01,0.00,0.01,0.05,0.05,0.01,0.96,0.02,0.00,0.99,0.13
234,0.00,0.22,0.00,1.00,0.01,0.00,0.07,0.01,0.16,0.55,0.94,0.00,0.00,0.05,0.13,0.39,0.05,0.50,0.00,0.02,0.93,0.09
263,0.00,0.60,0.02,0.45,0.02,0.00,0.04,0.00,0.02,0.65,0.91,0.04,0.00,0.02,0.01,0.81,0.00,0.13,0.00,0.00,0.89,0.11
292,0.00,0.55,0.01,0.15,0.00,0.00,0.08,0.00,1.00,0.37,0.02,0.00,0.00,0.14,0.00,0.22,0.00,0.00,0.11,0.05,1.00,0.94
321,0.00,0.99,0.02,0.05,0.02,0.00,0.39,0.07,0.01,0.32,0.27,0.01,0.00,0.00,0.04,0.13,0.01,0.47,0.01,0.00,0.95,0.06
235,0.00,0.92,0.02,0.15,0.01,0.00,0.25,0.00,0.04,0.22,0.31,0.00,0.00,0.01,0.00,0.71,0.00,0.08,0.01,0.16,0.30,0.01
264,0.00,0.08,0.00,0.38,0.01,0.00,0.03,0.00,0.10,0.16,0.85,0.00,0.00,0.00,0.05,0.51,0.01,0.05,0.02,0.03,0.46,0.15
293,0.00,0.01,0.00,0.04,0.03,0.00,0.06,0.00,0.82,0.24,0.00,0.02,0.00,0.55,0.12,0.09,0.01,0.00,0.22,0.98,1.00,0.18
322,0.00,0.61,0.02,0.29,0.04,0.00,0.98,0.00,1.00,0.72,0.02,0.00,0.00,0.05,0.00,0.08,0.00,0.00,0.00,0.01,1.00,1.00
236,0.00,0.11,0.00,0.75,0.01,0.00,0.01,0.00,0.02,0.06,0.46,0.00,0.00,0.01,0.11,0.53,0.09,0.05,0.01,0.17,0.04,0.11
265,0.00,1.00,0.01,0.80,0.01,0.00,1.00,0.02,0.83,0.33,0.79,0.00,0.00,0.01,0.01,0.05,0.00,0.38,0.01,0.07,1.00,0.49
294,0.00,0.51,0.01,0.03,0.02,0.00,0.06,0.00,0.92,0.79,0.00,0.01,0.00,0.23,0.02,0.09,0.01,0.01,0.03,0.58,1.00,0.60
323,0.00,0.99,0.04,0.01,0.00,0.00,0.67,0.01,0.83,0.71,0.36,0.00,0.00,0.03,0.00,0.04,0.01,0.20,0.01,0.00,1.00,0.75
237,0.00,1.00,0.01,0.59,0.01,0.00,0.99,0.01,0.61,0.04,1.00,0.00,0.00,0.01,0.02,0.09,0.01,0.70,0.00,0.00,0.93,0.58
266,0.00,0.24,0.02,0.04,0.00,0.00,0.59,0.01,0.06,0.96,0.12,0.00,0.00,0.00,0.00,0.04,0.00,0.39,0.77,0.79,1.00,0.05
295,0.00,0.78,0.01,0.08,0.01,0.00,0.03,0.03,0.77,0.94,0.04,0.00,0.00,0.00,0.01,0.04,0.04,0.39,0.23,0.45,1.00,0.83
324,0.00,1.00,0.03,0.01,0.00,0.00,0.99,0.00,0.56,0.53,0.31,0.00,0.00,0.06,0.00,0.03,0.01,0.34,0.02,0.00,1.00,0.61
238,0.00,0.98,0.01,0.62,0.02,0.01,0.99,0.00,0.50,0.03,0.95,0.00,0.00,0.01,0.01,0.11,0.00,0.03,0.00,0.00,0.25,0.38
267,0.00,0.30,0.00,0.19,0.00,0.00,0.02,0.01,0.01,0.63,0.95,0.00,0.00,0.00,0.04,0.26,0.01,0.16,0.06,0.07,0.72,0.03
296,0.00,0.56,0.00,0.34,0.01,0.00,0.06,0.01,0.02,0.50,0.15,0.00,0.00,0.03,0.01,0.49,0.01,0.01,0.08,0.37,0.65,0.06
325,0.00,0.99,0.01,0.01,0.01,0.00,0.97,0.01,0.68,0.44,0.23,0.00,0.00,0.20,0.00,0.03,0.01,0.02,0.01,0.00,1.00,0.75
239,0.00,0.39,0.02,0.81,0.04,0.01,0.94,0.00,0.16,0.11,0.73,0.00,0.00,0.02,0.01,0.12,0.00,0.10,0.00,0.00,0.38,0.37
268,0.00,0.81,0.00,0.97,0.01,0.00,0.12,0.03,0.00,0.25,0.93,0.00,0.00,0.00,0.06,0.22,0.03,0.28,0.01,0.02,0.43,0.07
297,0.00,0.85,0.00,0.09,0.01,0.00,0.10,0.01,0.02,0.53,0.08,0.00,0.00,0.02,0.00,0.33,0.01,0.03,0.15,0.24,0.94,0.04
326,0.00,0.98,0.01,0.01,0.01,0.00,0.35,0.00,0.85,0.92,0.71,0.00,0.00,0.04,0.00,0.10,0.00,0.16,0.00,0.00,1.00,0.71
240,0.00,0.24,0.06,0.31,0.09,0.02,0.85,0.00,0.08,0.59,0.37,0.00,0.05,0.07,0.00,0.11,0.00,0.05,0.00,0.00,0.90,0.28
269,0.00,0.49,0.04,0.52,0.02,0.00,0.66,0.01,0.05,0.21,0.06,0.00,0.00,0.10,0.00,0.53,0.00,0.00,0.41,0.02,0.89,0.06
298,0.00,0.88,0.01,0.40,0.01,0.00,0.08,0.01,0.01,0.33,0.07,0.01,0.00,0.01,0.00,0.52,0.00,0.01,0.04,0.08,0.71,0.05
327,0.00,0.94,0.01,0.01,0.00,0.00,0.06,0.01,0.20,0.99,0.58,0.00,0.00,0.01,0.02,0.33,0.01,0.26,0.01,0.00,1.00,0.15
241,0.00,0.88,0.01,0.96,0.02,0.00,0.92,0.01,0.20,0.25,0.97,0.00,0.00,0.05,0.02,0.39,0.00,0.01,0.01,0.03,1.00,0.62
270,0.00,0.10,0.00,0.57,0.00,0.00,0.16,0.01,0.04,0.55,0.93,0.00,0.00,0.00,0.16,0.07,0.04,0.83,0.01,0.78,0.74,0.02
299,0.00,0.99,0.01,0.62,0.00,0.00,0.19,0.01,0.07,0.61,0.40,0.01,0.00,0.02,0.01,0.31,0.02,0.34,0.01,0.13,1.00,0.08
328,0.00,0.99,0.01,0.01,0.01,0.00,0.07,0.02,0.23,0.98,0.53,0.00,0.00,0.01,0.03,0.27,0.01,0.27,0.00,0.00,1.00,0.20
242,0.00,0.35,0.04,0.87,0.00,0.00,1.00,0.01,0.01,0.93,0.03,0.00,0.00,0.00,0.00,0.04,0.00,0.05,0.01,0.02,1.00,0.30
271,0.00,0.85,0.00,0.71,0.00,0.00,0.18,0.01,0.01,0.27,0.23,0.00,0.00,0.01,0.01,0.08,0.02,0.18,0.02,0.89,0.60,0.01
300,0.00,0.99,0.00,0.13,0.01,0.00,0.02,0.01,0.23,0.97,0.61,0.00,0.00,0.00,0.07,0.25,0.01,0.03,0.03,0.02,1.00,0.23
329,0.00,0.84,0.05,0.02,0.00,0.00,0.31,0.00,0.78,0.94,0.34,0.00,0.00,0.03,0.00,0.56,0.00,0.09,0.00,0.00,1.00,0.75
243,0.00,0.69,0.02,0.41,0.00,0.00,1.00,0.02,0.08,0.97,0.22,0.00,0.00,0.01,0.00,0.05,0.00,0.67,0.03,0.02,1.00,0.22
272,0.00,0.64,0.00,0.36,0.00,0.00,0.07,0.01,0.01,0.59,0.30,0.01,0.00,0.01,0.01,0.11,0.02,0.22,0.06,0.50,0.82,0.01
301,0.00,0.04,0.00,0.03,0.02,0.00,0.03,0.00,0.20,0.99,0.01,0.00,0.00,0.03,0.03,0.19,0.00,0.00,0.23,0.10,1.00,0.40
330,0.00,0.84,0.03,0.04,0.01,0.00,0.46,0.00,0.86,0.95,0.55,0.00,0.00,0.05,0.00,0.27,0.00,0.03,0.00,0.01,1.00,0.82
244,0.00,0.03,0.09,0.93,0.01,0.00,0.02,0.00,0.20,0.90,0.32,0.00,0.06,0.13,0.00,0.73,0.01,0.31,0.00,0.01,0.93,0.11
273,0.00,0.86,0.00,0.61,0.01,0.00,0.14,0.03,0.03,0.76,0.96,0.00,0.00,0.02,0.02,0.14,0.01,0.29,0.01,0.04,0.99,0.06
302,0.00,0.45,0.02,0.03,0.01,0.00,0.96,0.01,0.07,0.20,0.16,0.00,0.00,0.00,0.00,0.16,0.01,0.15,0.93,0.04,0.98,0.05
331,0.00,0.97,0.00,0.59,0.01,0.00,0.94,0.00,0.99,0.40,0.90,0.00,0.00,0.03,0.00,0.04,0.00,0.09,0.00,0.00,1.00,1.00
245,0.00,0.18,0.01,0.68,0.01,0.00,0.05,0.01,0.01,0.60,0.15,0.00,0.00,0.05,0.00,0.92,0.01,0.07,0.01,0.00,0.55,0.03
274,0.00,0.28,0.01,0.99,0.01,0.00,0.02,0.02,0.04,0.33,0.98,0.10,0.06,0.10,0.07,0.07,0.04,0.98,0.01,0.00,0.41,0.12
303,0.00,0.50,0.03,0.08,0.01,0.00,0.55,0.00,0.19,0.88,0.08,0.00,0.00,0.01,0.00,0.22,0.00,0.02,0.02,0.72,1.00,0.10
332,0.00,0.78,0.00,0.36,0.01,0.00,0.49,0.00,0.83,0.58,0.99,0.00,0.00,0.04,0.00,0.03,0.00,0.18,0.00,0.00,1.00,0.99
246,0.00,0.40,0.02,0.35,0.01,0.00,0.14,0.01,0.01,0.81,0.30,0.00,0.00,0.06,0.00,0.93,0.01,0.02,0.03,0.00,0.91,0.04
275,0.00,1.00,0.00,0.98,0.01,0.00,0.13,0.02,0.01,0.03,0.99,0.01,0.00,0.00,0.13,0.15,0.03,0.78,0.00,0.01,0.04,0.22
304,0.00,1.00,0.01,0.01,0.00,0.00,0.42,0.00,0.43,0.89,0.15,0.00,0.00,0.12,0.03,0.05,0.01,0.01,0.00,0.00,1.00,0.30
333,0.00,0.96,0.01,0.81,0.02,0.00,0.40,0.00,1.00,0.29,0.42,0.00,0.00,0.40,0.01,0.08,0.00,0.01,0.00,0.00,1.00,0.99
247,0.00,0.13,0.00,0.07,0.01,0.00,0.05,0.01,0.01,0.86,0.31,0.00,0.00,0.01,0.00,0.91,0.00,0.13,0.20,0.01,0.97,0.01
276,0.00,0.97,0.00,0.91,0.04,0.00,0.13,0.00,0.05,0.09,0.70,0.01,0.00,0.02,0.23,0.26,0.00,0.08,0.00,0.01,0.91,0.29
305,0.00,0.76,0.09,0.04,0.01,0.01,1.00,0.00,0.99,0.33,0.13,0.00,0.00,0.12,0.00,0.04,0.00,0.03,0.00,0.00,1.00,0.41
334,0.00,0.96,0.03,0.43,0.01,0.00,0.19,0.00,0.97,0.87,0.80,0.00,0.00,0.05,0.00,0.54,0.00,0.06,0.00,0.01,1.00,0.43
248,0.00,0.10,0.00,0.05,0.01,0.00,0.07,0.01,0.01,0.91,0.49,0.00,0.00,0.01,0.00,0.80,0.00,0.13,0.55,0.01,0.99,0.02
277,0.00,0.87,0.00,0.90,0.03,0.00,0.13,0.00,0.05,0.11,0.94,0.00,0.00,0.02,0.01,0.59,0.00,0.24,0.00,0.01,0.99,0.40
306,0.00,0.56,0.01,0.17,0.04,0.00,0.75,0.00,1.00,0.47,0.03,0.00,0.00,0.16,0.00,0.08,0.00,0.00,0.02,0.01,1.00,0.74
335,0.00,0.69,0.06,0.11,0.00,0.00,0.49,0.00,0.11,0.25,0.33,0.00,0.00,0.15,0.00,0.47,0.00,0.02,0.17,0.42,0.96,0.02
249,0.00,0.28,0.01,0.06,0.01,0.00,0.26,0.00,0.11,0.96,0.51,0.00,0.00,0.01,0.00,0.67,0.00,0.21,0.04,0.01,1.00,0.04
278,0.00,0.45,0.01,0.90,0.02,0.00,0.15,0.00,0.02,0.34,0.34,0.00,0.00,0.02,0.00,0.83,0.00,0.04,0.01,0.01,0.99,0.15
307,0.00,0.99,0.01,0.01,0.01,0.00,0.19,0.04,0.08,1.00,0.98,0.00,0.00,0.00,0.01,0.14,0.01,0.70,0.02,0.00,1.00,0.69
336,0.00,0.46,0.01,0.01,0.00,0.00,0.28,0.05,0.06,0.91,0.30,0.00,0.00,0.04,0.00,0.20,0.00,0.41,0.05,0.04,1.00,0.05
250,0.00,0.08,0.01,0.68,0.06,0.00,0.15,0.00,0.08,0.10,0.12,0.00,0.00,0.17,0.01,0.43,0.00,0.00,0.54,0.03,0.52,0.16
279,0.00,0.38,0.01,0.96,0.02,0.00,0.14,0.00,0.01,0.20,0.70,0.00,0.00,0.02,0.00,0.86,0.00,0.07,0.01,0.01,0.77,0.11
308,0.00,0.95,0.02,0.01,0.00,0.00,0.60,0.01,0.72,0.98,0.59,0.00,0.00,0.01,0.00,0.03,0.01,0.80,0.02,0.00,1.00,0.64
337,0.00,0.61,0.01,0.03,0.00,0.00,0.04,0.01,0.07,0.99,0.81,0.00,0.00,0.01,0.01,0.51,0.00,0.24,0.00,0.01,1.00,0.14
251,0.00,0.27,0.02,0.43,0.02,0.00,0.48,0.00,0.05,0.09,0.09,0.00,0.00,0.19,0.00,0.31,0.00,0.00,0.97,0.02,0.76,0.14
280,0.00,0.78,0.01,0.64,0.00,0.00,0.20,0.01,0.01,0.57,0.54,0.00,0.00,0.06,0.00,0.34,0.00,0.01,0.04,0.02,0.95,0.04
309,0.00,0.99,0.01,0.01,0.00,0.00,0.16,0.01,0.33,1.00,0.49,0.00,0.00,0.00,0.02,0.05,0.01,0.52,0.03,0.00,1.00,0.33
338,0.00,0.51,0.01,0.07,0.00,0.00,0.04,0.00,0.05,0.98,0.53,0.00,0.00,0.01,0.00,0.79,0.01,0.14,0.01,0.01,1.00,0.08
252,0.00,0.09,0.03,0.19,0.02,0.00,0.33,0.00,0.05,0.16,0.04,0.00,0.00,0.28,0.00,0.30,0.00,0.00,0.96,0.03,0.92,0.10
281,0.00,0.57,0.00,0.36,0.00,0.00,0.06,0.01,0.01,0.93,0.54,0.00,0.00,0.03,0.00,0.64,0.01,0.08,0.07,0.01,0.99,0.03
310,0.00,0.98,0.03,0.01,0.01,0.00,0.44,0.06,0.15,0.95,0.82,0.00,0.00,0.01,0.01,0.05,0.01,0.86,0.02,0.00,1.00,0.73
339,0.00,0.64,0.00,0.20,0.00,0.00,0.21,0.02,0.04,0.70,0.95,0.00,0.00,0.02,0.01,0.23,0.01,0.08,0.04,0.01,1.00,0.22
253,0.00,0.06,0.03,0.20,0.05,0.00,0.20,0.00,0.09,0.12,0.01,0.00,0.00,0.51,0.00,0.19,0.00,0.00,0.97,0.06,0.75,0.08
282,0.00,0.80,0.00,0.08,0.02,0.00,0.04,0.02,0.02,0.61,0.66,0.00,0.00,0.03,0.02,0.64,0.03,0.14,0.04,0.00,0.92,0.06
311,0.00,0.93,0.02,0.01,0.01,0.00,0.49,0.06,0.09,0.95,0.85,0.00,0.00,0.01,0.01,0.07,0.01,0.89,0.02,0.00,1.00,0.60
340,0.00,0.99,0.06,0.18,0.00,0.00,0.99,0.01,0.64,0.59,0.48,0.00,0.00,0.02,0.00,0.05,0.00,0.34,0.01,0.00,1.00,0.93
254,0.00,0.09,0.02,0.06,0.06,0.00,0.11,0.00,0.13,0.08,0.02,0.00,0.00,0.25,0.00,0.46,0.00,0.00,0.99,0.08,0.36,0.02
283,0.00,0.08,0.00,0.96,0.00,0.00,0.02,0.00,0.11,0.94,0.95,0.01,0.00,0.01,0.04,0.43,0.01,0.21,0.03,0.01,1.00,0.04
312,0.00,0.93,0.01,0.02,0.01,0.00,0.17,0.02,0.15,0.96,0.26,0.00,0.00,0.01,0.03,0.20,0.01,0.06,0.01,0.01,1.00,0.27
341,0.00,0.83,0.01,0.36,0.00,0.00,0.23,0.03,0.06,0.84,0.05,0.00,0.00,0.00,0.02,0.26,0.01,0.25,0.01,0.15,1.00,0.09
255,0.00,0.14,0.03,0.13,0.07,0.00,0.21,0.00,0.15,0.04,0.04,0.00,0.00,0.15,0.00,0.83,0.00,0.00,0.84,0.07,0.21,0.03
284,0.00,0.25,0.01,0.68,0.01,0.00,0.03,0.00,0.02,0.80,0.81,0.00,0.00,0.01,0.02,0.92,0.00,0.02,0.01,0.02,0.95,0.08
313,0.00,0.07,0.00,0.09,0.01,0.00,0.25,0.01,0.09,0.58,0.19,0.00,0.00,0.11,0.03,0.28,0.00,0.00,0.02,0.06,1.00,0.25
342,0.00,0.79,0.00,0.98,0.01,0.00,0.15,0.02,0.00,0.14,0.94,0.00,0.00,0.00,0.01,0.44,0.03,0.47,0.00,0.01,0.05,0.03
256,0.00,0.46,0.01,0.83,0.02,0.00,0.42,0.00,0.07,0.17,0.52,0.00,0.00,0.03,0.00,0.78,0.00,0.01,0.32,0.03,0.40,0.05
285,0.00,0.34,0.01,0.52,0.01,0.00,0.03,0.00,0.01,0.86,0.55,0.00,0.00,0.01,0.01,0.93,0.00,0.01,0.01,0.03,0.95,0.03
314,0.00,0.94,0.82,0.02,0.01,0.00,1.00,0.05,0.02,0.22,0.26,0.01,0.00,0.02,0.00,0.01,0.00,0.94,0.01,0.00,1.00,0.51
343,0.00,0.48,0.01,1.00,0.00,0.00,0.05,0.01,0.00,0.08,0.72,0.01,0.00,0.01,0.20,0.32,0.05,0.71,0.00,0.01,0.00,0.06
257,0.00,0.30,0.04,0.39,0.00,0.00,0.22,0.04,0.04,0.45,0.03,0.00,0.00,0.00,0.02,0.09,0.05,0.07,0.52,0.70,0.99,0.08
286,0.00,0.27,0.01,0.59,0.01,0.00,0.02,0.00,0.02,0.91,0.58,0.00,0.00,0.02,0.01,0.92,0.00,0.02,0.01,0.02,0.95,0.03
315,0.00,0.57,0.60,0.25,0.03,0.00,1.00,0.01,0.02,0.21,0.05,0.01,0.00,0.03,0.00,0.02,0.00,0.35,0.00,0.00,1.00,0.50
344,0.00,0.47,0.02,0.99,0.01,0.00,0.12,0.01,0.19,0.03,0.08,0.01,0.00,0.01,0.18,0.50,0.05,0.03,0.00,0.01,0.66,0.61
316,0.00,0.85,0.20,0.08,0.02,0.00,1.00,0.01,0.05,0.40,0.11,0.00,0.00,0.03,0.00,0.11,0.00,0.66,0.00,0.00,1.00,0.76
287,0.00,0.40,0.02,0.96,0.01,0.00,0.30,0.00,0.02,0.16,0.65,0.00,0.00,0.04,0.01,0.79,0.00,0.34,0.00,0.01,0.21,0.11
258,0.00,0.63,0.01,0.07,0.00,0.00,0.03,0.01,0.06,0.44,0.07,0.02,0.00,0.01,0.00,0.45,0.01,0.27,0.21,0.05,0.88,0.11
345,0.00,0.28,0.00,0.25,0.00,0.00,0.06,0.02,0.16,0.19,0.02,0.00,0.00,0.05,0.09,0.22,0.03,0.01,0.01,1.00,0.24,0.27
317,0.00,0.69,0.05,0.08,0.00,0.00,0.68,0.00,0.21,0.90,0.72,0.00,0.00,0.03,0.00,0.74,0.00,0.40,0.00,0.00,1.00,0.21
288,0.00,1.00,0.06,0.13,0.00,0.00,0.98,0.01,0.08,0.66,0.94,0.00,0.00,0.01,0.00,0.09,0.00,0.68,0.03,0.00,1.00,0.08
259,0.00,0.99,0.01,0.06,0.00,0.00,0.34,0.01,0.17,0.86,0.22,0.01,0.00,0.00,0.00,0.05,0.01,0.98,0.70,0.20,1.00,0.05
346,0.00,0.92,0.00,0.95,0.00,0.00,0.10,0.06,0.00,0.32,0.99,0.00,0.00,0.01,0.02,0.39,0.03,0.66,0.03,0.00,0.59,0.16
318,0.00,0.72,0.04,0.06,0.00,0.00,0.98,0.00,0.60,0.97,0.43,0.00,0.00,0.01,0.00,0.06,0.00,0.83,0.02,0.01,1.00,0.67
289,0.00,0.94,0.00,0.10,0.01,0.00,0.06,0.01,0.02,0.89,0.99,0.00,0.00,0.00,0.03,0.12,0.01,0.98,0.05,0.04,0.99,0.08
260,0.00,0.35,0.01,0.22,0.01,0.00,0.01,0.00,0.24,0.82,0.94,0.01,0.00,0.01,0.25,0.36,0.02,0.59,0.00,0.02,0.97,0.12
347,0.00,0.95,0.00,0.73,0.01,0.00,0.11,0.04,0.02,0.61,0.92,0.00,0.00,0.01,0.02,0.53,0.01,0.19,0.01,0.01,0.79,0.16
348,0.00,1.00,0.01,0.96,0.00,0.00,0.19,0.03,0.02,0.51,0.60,0.00,0.00,0.01,0.01,0.59,0.00,0.04,0.01,0.01,0.24,0.19
377,0.00,1.00,0.01,0.75,0.01,0.00,0.93,0.01,0.04,0.08,0.99,0.00,0.00,0.04,0.00,0.09,0.01,0.33,0.03,0.02,0.19,0.05
406,0.00,0.71,0.02,0.23,0.01,0.00,0.52,0.01,0.11,0.67,0.08,0.00,0.00,0.02,0.02,0.43,0.00,0.02,0.00,0.01,0.97,0.21
435,0.00,0.01,0.01,0.39,0.01,0.00,0.03,0.00,0.00,0.28,0.00,0.01,0.00,0.03,0.00,0.55,0.00,0.00,0.99,0.18,0.30,0.00
349,0.00,0.43,0.00,0.25,0.00,0.00,0.07,0.01,0.01,0.14,0.54,0.00,0.00,0.00,0.01,0.48,0.04,0.08,0.02,0.05,0.32,0.10
407,0.00,0.18,0.00,0.29,0.04,0.00,0.04,0.00,0.01,0.46,0.10,0.00,0.00,0.03,0.02,0.98,0.00,0.00,0.00,0.01,0.34,0.07
378,0.00,0.54,0.00,0.79,0.00,0.00,0.15,0.01,0.02,0.40,0.95,0.00,0.00,0.00,0.00,0.15,0.06,0.50,0.55,0.02,0.64,0.01
436,0.00,0.03,0.00,0.15,0.00,0.00,0.04,0.00,0.00,0.62,0.02,0.00,0.00,0.01,0.00,0.27,0.00,0.00,0.87,0.34,0.74,0.00
350,0.00,0.15,0.00,1.00,0.01,0.00,0.04,0.00,0.00,0.74,0.97,0.01,0.06,0.05,0.00,0.63,0.00,0.34,0.03,0.00,0.54,0.03
408,0.00,0.33,0.00,0.06,0.02,0.00,0.05,0.00,0.04,0.58,0.04,0.00,0.00,0.02,0.02,0.94,0.00,0.00,0.01,0.04,0.66,0.10
379,0.00,0.45,0.00,0.75,0.00,0.00,0.17,0.01,0.01,0.19,0.73,0.01,0.00,0.01,0.00,0.09,0.03,0.30,0.94,0.01,0.11,0.01
437,0.00,0.06,0.00,0.25,0.00,0.00,0.05,0.00,0.00,0.94,0.06,0.00,0.00,0.00,0.00,0.37,0.00,0.00,0.04,0.14,0.98,0.00
351,0.00,0.63,0.01,0.82,0.03,0.00,0.11,0.00,0.00,0.49,0.20,0.00,0.00,0.01,0.00,0.72,0.00,0.03,0.01,0.00,0.82,0.04
409,0.00,0.21,0.01,0.40,0.06,0.00,0.01,0.01,0.17,0.33,0.04,0.00,0.00,0.03,0.04,0.98,0.00,0.00,0.00,0.00,0.30,0.32
380,0.00,0.67,0.01,0.76,0.00,0.00,0.20,0.01,0.00,0.54,0.51,0.02,0.05,0.00,0.00,0.09,0.01,0.21,0.28,0.08,0.37,0.01
438,0.00,0.01,0.01,0.92,0.04,0.00,0.01,0.00,0.01,0.93,0.13,0.01,0.18,0.02,0.01,0.76,0.00,0.01,0.00,0.01,0.98,0.04
410,0.00,0.49,0.01,0.21,0.04,0.00,0.15,0.01,0.15,0.49,0.06,0.00,0.00,0.03,0.02,0.97,0.00,0.00,0.00,0.00,0.75,0.17
352,0.00,0.65,0.01,0.31,0.02,0.00,0.04,0.00,0.01,0.60,0.51,0.00,0.00,0.02,0.01,0.92,0.00,0.05,0.00,0.00,0.75,0.05
381,0.00,0.59,0.00,0.12,0.00,0.00,0.18,0.01,0.00,0.73,0.28,0.01,0.00,0.00,0.00,0.16,0.01,0.05,0.83,0.17,0.88,0.02
439,0.00,0.03,0.01,0.91,0.03,0.00,0.01,0.00,0.03,0.96,0.34,0.01,0.16,0.03,0.00,0.82,0.00,0.02,0.00,0.02,0.99,0.12
411,0.00,0.44,0.00,0.25,0.01,0.00,0.01,0.01,0.01,0.23,0.13,0.00,0.00,0.01,0.01,0.74,0.01,0.00,0.02,0.12,0.39,0.03
353,0.00,0.61,0.09,1.00,0.01,0.00,0.63,0.00,0.00,0.97,0.73,0.06,0.31,0.02,0.00,0.09,0.00,0.16,0.00,0.01,0.99,0.02
382,0.00,0.37,0.00,0.02,0.00,0.00,0.00,0.00,0.01,0.85,0.01,0.00,0.00,0.01,0.01,0.17,0.00,0.01,0.14,0.99,0.98,0.01
440,0.00,0.02,0.04,0.96,0.02,0.00,0.00,0.00,0.23,0.90,0.26,0.04,0.00,0.01,0.02,0.53,0.00,0.01,0.00,0.08,1.00,0.29
412,0.00,0.57,0.00,0.55,0.00,0.00,0.09,0.01,0.01,0.43,0.47,0.00,0.00,0.00,0.01,0.58,0.01,0.01,0.02,0.05,0.84,0.02
354,0.00,0.09,0.01,1.00,0.02,0.00,0.01,0.00,0.00,0.55,0.99,0.09,0.00,0.00,0.07,0.44,0.01,0.33,0.00,0.01,0.27,0.09
383,0.00,0.98,0.00,0.01,0.00,0.00,0.07,0.01,0.03,0.99,0.01,0.00,0.00,0.01,0.00,0.06,0.01,0.02,0.28,0.32,1.00,0.02
441,0.00,0.66,0.02,0.97,0.02,0.00,0.32,0.01,0.01,0.96,0.48,0.01,0.00,0.01,0.00,0.17,0.00,0.17,0.01,0.02,0.78,0.02
413,0.00,0.28,0.00,0.27,0.01,0.00,0.03,0.01,0.01,0.33,0.24,0.00,0.00,0.01,0.01,0.66,0.00,0.00,0.02,0.28,0.38,0.02
355,0.00,0.94,0.01,0.81,0.00,0.00,0.88,0.01,0.01,0.58,0.03,0.00,0.00,0.00,0.00,0.19,0.00,0.01,0.04,0.13,0.99,0.02
384,0.00,0.92,0.01,1.00,0.01,0.00,0.98,0.01,0.13,0.05,0.93,0.00,0.00,0.02,0.02,0.23,0.01,0.21,0.00,0.02,0.13,0.37
442,0.00,0.59,0.01,0.94,0.02,0.00,0.31,0.01,0.01,0.96,0.54,0.01,0.00,0.01,0.00,0.21,0.00,0.19,0.01,0.01,0.75,0.02
414,0.00,0.29,0.00,0.80,0.01,0.00,0.48,0.01,0.03,0.39,0.47,0.00,0.00,0.01,0.00,0.66,0.00,0.00,0.02,0.17,0.79,0.03
356,0.00,0.99,0.08,0.99,0.02,0.00,0.50,0.00,0.00,0.96,0.23,0.03,0.37,0.01,0.00,0.10,0.00,0.29,0.00,0.00,0.99,0.02
385,0.00,0.19,0.00,0.99,0.01,0.00,0.06,0.01,0.23,0.25,0.58,0.00,0.00,0.11,0.02,0.22,0.00,0.24,0.13,0.86,0.40,0.06
443,0.00,0.60,0.01,0.95,0.02,0.00,0.31,0.01,0.01,0.96,0.54,0.01,0.00,0.01,0.00,0.20,0.00,0.18,0.01,0.02,0.76,0.02
415,0.00,0.47,0.00,0.81,0.00,0.00,0.45,0.01,0.09,0.32,0.98,0.00,0.00,0.04,0.00,0.68,0.00,0.01,0.00,0.04,0.77,0.12
357,0.00,0.90,0.10,0.71,0.03,0.00,0.39,0.00,0.00,0.98,0.28,0.17,0.70,0.01,0.00,0.06,0.01,0.46,0.00,0.00,1.00,0.02
386,0.00,0.86,0.00,0.09,0.00,0.00,0.23,0.02,0.00,0.96,0.39,0.38,0.00,0.00,0.00,0.07,0.01,0.77,0.10,0.05,0.96,0.01
444,0.00,0.60,0.01,0.94,0.02,0.00,0.32,0.01,0.01,0.96,0.53,0.01,0.00,0.01,0.00,0.20,0.00,0.18,0.01,0.02,0.77,0.02
416,0.00,0.49,0.01,0.91,0.01,0.00,0.78,0.00,0.05,0.20,0.39,0.00,0.00,0.03,0.00,0.72,0.00,0.00,0.04,0.08,0.90,0.08
358,0.00,0.69,0.43,0.98,0.19,0.00,0.50,0.00,0.01,0.97,0.07,0.03,0.39,0.02,0.00,0.07,0.00,0.04,0.00,0.03,1.00,0.02
387,0.00,1.00,0.03,0.32,0.01,0.00,0.99,0.01,0.11,0.05,0.40,0.00,0.00,0.10,0.00,0.07,0.01,0.43,0.02,0.03,0.46,0.08
445,0.00,0.62,0.01,0.95,0.02,0.00,0.32,0.01,0.01,0.96,0.54,0.01,0.00,0.01,0.00,0.22,0.00,0.18,0.01,0.01,0.78,0.02
417,0.00,0.25,0.01,0.85,0.01,0.00,0.07,0.00,0.95,0.78,0.87,0.00,0.00,0.00,0.00,0.39,0.01,0.31,0.00,0.02,1.00,0.80
359,0.00,0.97,0.23,1.00,0.04,0.00,0.96,0.00,0.01,0.97,0.13,0.00,0.54,0.02,0.00,0.15,0.00,0.07,0.00,0.01,0.99,0.02
388,0.00,0.67,0.03,0.17,0.02,0.00,0.35,0.02,0.51,0.27,0.61,0.00,0.00,0.12,0.00,0.19,0.01,0.23,0.01,0.04,0.68,0.06
446,0.00,0.00,0.00,0.00,0.02,0.00,0.22,0.00,0.02,0.00,0.00,0.00,0.05,0.48,0.95,0.01,0.38,0.00,0.18,0.06,0.00,0.01
418,0.00,0.12,0.05,0.12,0.04,0.00,0.07,0.00,0.02,0.86,0.14,0.01,0.22,0.44,0.00,0.60,0.00,0.05,0.00,0.01,0.90,0.08
360,0.00,0.87,0.12,1.00,0.04,0.00,0.84,0.00,0.01,0.68,0.05,0.00,0.88,0.02,0.00,0.17,0.00,0.04,0.00,0.03,0.32,0.03
389,0.00,0.45,0.01,0.02,0.01,0.00,0.72,0.00,0.09,0.17,0.17,0.00,0.00,0.01,0.00,0.56,0.00,0.05,0.38,0.76,0.58,0.00
447,0.00,0.01,0.00,0.13,0.02,0.00,0.03,0.00,0.10,0.03,0.00,0.00,0.06,0.64,0.12,0.06,0.03,0.00,0.01,0.37,0.19,0.06
419,0.00,0.50,0.02,0.94,0.04,0.00,0.27,0.00,0.03,0.38,0.71,0.00,0.23,0.93,0.00,0.21,0.00,0.37,0.00,0.00,0.22,0.05
361,0.00,0.95,0.21,1.00,0.09,0.00,0.52,0.01,0.01,0.65,0.07,0.00,0.59,0.04,0.00,0.19,0.00,0.06,0.00,0.01,0.31,0.03
390,0.00,1.00,0.06,0.07,0.01,0.00,1.00,0.01,0.05,0.28,0.35,0.00,0.12,0.00,0.00,0.10,0.00,0.08,0.02,0.01,0.99,0.10
448,0.00,0.00,0.00,0.00,0.01,0.00,0.30,0.00,0.02,0.00,0.00,0.00,0.00,0.64,0.93,0.01,0.17,0.00,0.20,0.05,0.00,0.01
420,0.00,0.27,0.01,0.81,0.05,0.00,0.03,0.00,0.02,0.32,0.86,0.00,0.06,0.25,0.00,0.96,0.00,0.06,0.00,0.01,0.09,0.10
449,0.00,0.00,0.00,0.00,0.02,0.00,0.22,0.00,0.02,0.00,0.00,0.00,0.05,0.48,0.95,0.01,0.38,0.00,0.18,0.06,0.00,0.01
362,0.00,0.99,0.28,1.00,0.02,0.00,1.00,0.00,0.01,0.18,1.00,0.00,0.00,0.02,0.00,0.26,0.00,0.21,0.00,0.01,0.76,0.21
391,0.00,0.98,0.05,0.66,0.01,0.00,1.00,0.00,0.05,0.31,0.16,0.00,0.10,0.00,0.00,0.20,0.00,0.01,0.03,0.01,1.00,0.05
421,0.00,0.21,0.00,0.91,0.04,0.00,0.02,0.00,0.01,0.24,0.17,0.00,0.00,0.02,0.07,0.99,0.01,0.01,0.00,0.00,0.04,0.06
363,0.00,0.99,0.23,1.00,0.02,0.00,1.00,0.00,0.00,0.04,0.98,0.00,0.05,0.11,0.00,0.15,0.00,0.07,0.00,0.01,0.14,0.06
392,0.00,0.72,0.33,0.88,0.03,0.00,1.00,0.00,0.04,0.29,0.02,0.00,0.23,0.01,0.00,0.26,0.00,0.00,0.01,0.02,0.98,0.16
422,0.00,0.52,0.01,0.99,0.01,0.00,0.05,0.04,0.10,0.49,0.05,0.00,0.00,0.01,0.00,0.43,0.02,0.04,0.04,0.07,0.52,0.16
364,0.00,0.12,0.01,1.00,0.01,0.00,0.15,0.02,0.01,0.14,0.61,0.00,0.00,0.02,0.01,0.67,0.01,0.11,0.01,0.01,0.08,0.08
393,0.00,0.06,0.36,0.24,0.10,0.00,1.00,0.00,0.08,0.15,0.01,0.00,0.91,0.04,0.00,0.13,0.00,0.00,0.01,0.03,0.87,0.05
423,0.00,0.86,0.01,1.00,0.00,0.00,0.94,0.01,0.01,0.92,0.19,0.00,0.00,0.03,0.00,0.21,0.00,0.01,0.03,0.07,1.00,0.14
365,0.00,0.02,0.01,1.00,0.02,0.00,0.03,0.00,0.01,0.19,0.77,0.01,0.00,0.02,0.02,0.86,0.00,0.25,0.00,0.01,0.25,0.19
394,0.00,0.08,0.32,0.26,0.02,0.00,0.37,0.00,0.00,0.95,0.01,0.00,0.80,0.02,0.00,0.17,0.00,0.01,0.00,0.03,0.98,0.01
424,0.00,0.02,0.00,0.88,0.02,0.00,0.02,0.00,0.01,0.29,0.03,0.00,0.07,0.02,0.03,0.69,0.00,0.00,0.05,0.10,0.49,0.02
366,0.00,0.02,0.02,1.00,0.11,0.00,0.05,0.00,0.00,0.71,0.46,0.01,0.11,0.05,0.01,0.57,0.00,0.29,0.00,0.00,0.82,0.04
395,0.00,0.59,0.42,0.12,0.01,0.01,0.35,0.00,0.00,0.97,0.02,0.03,0.63,0.01,0.00,0.04,0.01,0.09,0.00,0.01,1.00,0.01
425,0.00,0.02,0.00,0.81,0.02,0.00,0.01,0.00,0.01,0.21,0.03,0.00,0.05,0.01,0.02,0.96,0.00,0.00,0.03,0.02,0.21,0.02
367,0.00,0.77,0.23,1.00,0.03,0.01,0.59,0.00,0.00,0.94,0.16,0.09,0.76,0.05,0.00,0.03,0.00,0.14,0.00,0.00,0.69,0.01
396,0.00,0.03,0.28,0.23,0.02,0.00,0.19,0.00,0.00,0.96,0.03,0.02,0.21,0.06,0.00,0.16,0.00,0.07,0.00,0.23,1.00,0.01
426,0.00,0.06,0.00,0.88,0.02,0.00,0.01,0.00,0.00,0.19,0.11,0.00,0.00,0.02,0.01,0.96,0.00,0.00,0.03,0.01,0.17,0.02
368,0.00,0.70,0.56,1.00,0.01,0.01,0.98,0.00,0.01,0.51,0.46,0.05,0.53,0.01,0.00,0.08,0.00,0.81,0.00,0.00,0.14,0.04
397,0.00,0.42,0.29,0.92,0.02,0.01,0.88,0.00,0.00,0.98,0.18,0.02,0.74,0.04,0.00,0.07,0.00,0.67,0.00,0.00,0.99,0.01
427,0.00,0.06,0.31,0.84,0.09,0.00,0.69,0.00,0.02,0.68,0.23,0.00,0.80,0.59,0.00,0.12,0.00,0.51,0.00,0.00,0.89,0.07
369,0.00,0.69,0.11,0.81,0.01,0.01,0.28,0.00,0.00,0.55,0.78,0.69,0.40,0.01,0.00,0.03,0.01,0.76,0.00,0.00,0.16,0.01
398,0.00,0.03,0.04,0.42,0.04,0.00,0.04,0.00,0.01,0.60,0.18,0.02,0.11,0.46,0.00,0.73,0.00,0.33,0.00,0.03,0.79,0.01
428,0.00,0.00,0.05,0.61,0.10,0.00,0.07,0.00,0.01,0.90,0.19,0.00,0.90,0.19,0.00,0.18,0.00,0.19,0.02,0.00,0.74,0.03
370,0.00,0.64,0.07,1.00,0.01,0.00,1.00,0.15,0.03,0.06,0.91,0.00,0.00,0.00,0.00,0.13,0.00,0.93,0.01,0.00,0.84,0.28
399,0.00,1.00,0.03,0.99,0.01,0.00,0.99,0.06,0.10,0.17,0.38,0.00,0.00,0.00,0.01,0.13,0.01,0.24,0.00,0.01,0.99,0.40
429,0.00,0.01,0.07,0.95,0.20,0.00,0.03,0.00,0.01,0.42,0.17,0.00,0.34,0.55,0.00,0.30,0.00,0.43,0.07,0.00,0.27,0.03
371,0.00,0.40,0.00,1.00,0.01,0.00,0.91,0.09,0.02,0.13,0.63,0.00,0.00,0.00,0.01,0.35,0.01,0.90,0.00,0.02,0.33,0.04
400,0.00,0.99,0.03,1.00,0.00,0.00,0.99,0.01,0.30,0.26,0.63,0.00,0.00,0.00,0.00,0.15,0.00,0.75,0.00,0.01,1.00,0.67
430,0.00,0.04,0.35,0.78,0.03,0.01,0.67,0.00,0.01,1.00,0.31,0.00,0.63,0.15,0.00,0.12,0.00,0.62,0.00,0.00,1.00,0.05
372,0.00,1.00,0.02,0.81,0.03,0.00,0.30,0.01,0.99,0.27,0.02,0.00,0.00,0.68,0.12,0.04,0.01,0.00,0.04,0.00,1.00,0.99
401,0.00,0.91,0.02,0.99,0.00,0.00,0.96,0.01,0.07,0.49,0.47,0.00,0.00,0.00,0.00,0.24,0.00,0.29,0.02,0.02,0.99,0.10
431,0.00,0.11,0.00,1.00,0.02,0.00,0.03,0.00,0.01,0.34,0.90,0.01,0.08,0.21,0.02,0.53,0.00,0.17,0.00,0.02,0.24,0.13
373,0.00,1.00,0.02,0.56,0.05,0.00,0.59,0.01,0.91,0.15,0.16,0.00,0.00,0.68,0.07,0.06,0.00,0.00,0.02,0.00,1.00,0.92
402,0.00,0.07,0.06,0.32,0.01,0.00,0.13,0.00,0.14,0.83,0.20,0.00,0.00,0.05,0.00,0.53,0.00,0.09,0.00,0.01,0.99,0.24
432,0.00,0.07,0.00,1.00,0.03,0.00,0.02,0.00,0.00,0.47,0.88,0.00,0.25,0.14,0.02,0.66,0.01,0.19,0.00,0.01,0.27,0.02
374,0.00,0.26,0.01,0.11,0.04,0.00,0.01,0.00,0.07,0.08,0.23,0.04,0.00,0.90,0.01,0.95,0.00,0.05,0.00,0.03,0.30,0.05
403,0.00,0.16,0.08,0.16,0.01,0.00,0.06,0.00,0.10,0.97,0.49,0.00,0.10,0.03,0.00,0.59,0.00,0.38,0.00,0.00,0.99,0.14
433,0.00,0.01,0.02,0.90,0.05,0.00,0.07,0.00,0.02,0.40,0.09,0.00,0.06,0.16,0.00,0.98,0.00,0.03,0.01,0.01,0.47,0.08
375,0.00,0.25,0.00,0.06,0.01,0.00,0.02,0.01,0.12,0.34,0.95,0.01,0.00,0.01,0.03,0.55,0.00,0.86,0.01,0.00,0.60,0.07
404,0.00,0.06,0.07,0.77,0.01,0.00,0.46,0.01,0.23,0.89,0.29,0.00,0.00,0.03,0.00,0.20,0.00,0.11,0.00,0.01,1.00,0.14
434,0.00,0.08,0.02,0.35,0.01,0.00,0.02,0.00,0.07,0.68,0.25,0.00,0.00,0.04,0.00,0.97,0.00,0.00,0.02,0.02,0.98,0.06
376,0.00,0.66,0.00,0.03,0.01,0.00,0.01,0.01,0.02,0.37,0.99,0.01,0.00,0.00,0.13,0.47,0.00,0.74,0.01,0.01,0.45,0.06
405,0.00,0.29,0.09,0.50,0.01,0.00,0.95,0.01,0.15,0.79,0.45,0.00,0.00,0.05,0.00,0.23,0.00,0.56,0.00,0.01,1.00,0.25
