0,0.00,0.00,0.00,0.00,0.02,0.00,0.22,0.00,0.02,0.00,0.00,0.00,0.05,0.48,0.95,0.01,0.38,0.00,0.18,0.06,0.00,0.01
58,0.00,0.32,0.02,0.83,0.01,0.00,0.55,0.00,0.09,0.06,0.14,0.00,0.00,0.35,0.01,0.36,0.01,0.01,0.22,0.06,0.15,0.03
87,0.00,0.98,0.01,0.19,0.01,0.00,1.00,0.00,0.77,0.13,0.09,0.00,0.00,0.05,0.00,0.05,0.00,0.10,0.01,0.01,1.00,0.99
29,0.00,0.08,0.01,0.99,0.06,0.00,0.08,0.00,0.00,0.25,0.94,0.00,0.06,0.09,0.00,0.71,0.00,0.13,0.02,0.01,0.21,0.05
1,0.00,0.00,0.00,0.00,0.02,0.00,0.22,0.00,0.02,0.00,0.00,0.00,0.05,0.48,0.95,0.01,0.38,0.00,0.18,0.06,0.00,0.01
59,0.00,0.40,0.02,0.86,0.01,0.00,0.98,0.01,0.15,0.03,0.14,0.00,0.00,0.03,0.00,0.34,0.00,0.01,0.01,0.06,0.19,0.29
88,0.00,0.86,0.00,0.13,0.01,0.00,0.99,0.00,0.78,0.26,0.04,0.00,0.00,0.10,0.00,0.05,0.00,0.03,0.01,0.11,1.00,0.95
30,0.00,0.05,0.01,0.84,0.07,0.00,0.21,0.00,0.03,0.30,0.05,0.00,0.00,0.04,0.00,0.91,0.00,0.00,0.07,0.01,0.84,0.08
2,0.00,0.04,0.00,0.99,0.10,0.00,0.48,0.00,1.00,0.03,0.26,0.00,0.00,0.04,0.03,0.05,0.00,0.04,0.01,0.01,0.93,0.99
60,0.00,1.00,0.02,0.14,0.04,0.00,1.00,0.02,0.94,0.02,0.48,0.00,0.00,0.02,0.01,0.01,0.00,0.97,0.00,0.00,1.00,0.70
89,0.00,0.76,0.01,0.07,0.01,0.00,1.00,0.01,0.87,0.24,0.04,0.00,0.00,0.07,0.00,0.04,0.00,0.18,0.02,0.12,1.00,0.95
31,0.00,0.51,0.00,0.55,0.01,0.00,0.24,0.00,0.02,0.65,0.18,0.00,0.00,0.00,0.00,0.86,0.01,0.01,0.05,0.00,0.99,0.08
3,0.00,0.06,0.00,0.99,0.18,0.00,0.48,0.00,1.00,0.03,0.32,0.00,0.00,0.03,0.04,0.10,0.00,0.05,0.00,0.00,0.72,0.98
90,0.00,0.01,0.00,0.10,0.01,0.00,0.11,0.00,0.21,0.05,0.03,0.00,0.00,0.07,0.13,0.20,0.00,0.00,0.02,0.45,0.04,0.04
61,0.00,0.15,0.01,0.29,0.01,0.00,0.54,0.01,0.25,0.64,0.81,0.00,0.00,0.05,0.00,0.47,0.00,0.42,0.01,0.01,1.00,0.33
32,0.00,0.48,0.03,0.37,0.04,0.00,0.92,0.00,0.39,0.27,0.63,0.00,0.00,0.06,0.00,0.51,0.00,0.06,0.00,0.01,0.99,0.56
4,0.00,0.07,0.00,0.98,0.20,0.00,0.44,0.00,1.00,0.04,0.37,0.00,0.00,0.03,0.04,0.15,0.00,0.04,0.00,0.00,0.79,0.98
91,0.00,1.00,0.00,0.17,0.01,0.00,0.19,0.06,0.02,0.94,0.95,0.01,0.00,0.00,0.04,0.04,0.01,0.98,0.02,0.02,1.00,0.08
62,0.00,0.43,0.00,0.29,0.01,0.00,0.27,0.02,0.05,0.78,0.27,0.00,0.00,0.01,0.01,0.30,0.00,0.04,0.02,0.14,1.00,0.06
33,0.00,0.58,0.02,0.87,0.04,0.00,0.79,0.00,0.08,0.38,0.23,0.00,0.00,0.04,0.01,0.75,0.00,0.02,0.00,0.01,0.93,0.25
5,0.00,0.05,0.00,0.98,0.20,0.00,0.41,0.00,1.00,0.04,0.35,0.00,0.00,0.02,0.04,0.21,0.00,0.04,0.00,0.00,0.69,0.96
92,0.00,1.00,0.00,0.10,0.01,0.00,0.15,0.04,0.02,0.58,0.98,0.01,0.00,0.00,0.06,0.08,0.02,0.93,0.02,0.01,0.98,0.12
63,0.00,0.02,0.14,0.97,0.01,0.00,0.35,0.00,0.03,0.78,0.03,0.00,0.00,0.02,0.00,0.30,0.00,0.01,0.02,0.19,1.00,0.04
34,0.00,0.24,0.04,0.88,0.08,0.00,0.79,0.00,0.15,0.47,0.08,0.00,0.00,0.05,0.00,0.59,0.00,0.01,0.00,0.01,0.97,0.65
6,0.00,0.08,0.00,0.97,0.17,0.00,0.44,0.00,1.00,0.03,0.47,0.00,0.00,0.04,0.05,0.12,0.00,0.05,0.00,0.00,0.81,0.97
93,0.00,1.00,0.01,0.11,0.01,0.00,0.36,0.05,0.03,0.71,0.95,0.01,0.00,0.00,0.04,0.05,0.02,0.85,0.01,0.00,1.00,0.16
64,0.00,0.44,0.04,0.28,0.02,0.00,0.20,0.00,0.48,0.96,0.23,0.00,0.00,0.03,0.00,0.43,0.00,0.05,0.00,0.00,1.00,0.76
35,0.00,0.00,0.11,0.56,0.15,0.00,0.03,0.00,0.04,0.67,0.58,0.00,0.00,0.07,0.00,0.58,0.00,0.05,0.01,0.03,0.96,0.27
7,0.00,0.04,0.00,0.90,0.10,0.00,0.28,0.00,1.00,0.03,0.37,0.00,0.00,0.10,0.09,0.03,0.00,0.05,0.01,0.01,0.96,0.99
94,0.00,1.00,0.01,0.79,0.01,0.00,0.54,0.02,0.03,0.14,0.78,0.00,0.00,0.01,0.03,0.07,0.01,0.07,0.00,0.00,0.78,0.16
65,0.00,0.53,0.01,0.10,0.01,0.00,0.10,0.02,0.02,0.98,0.19,0.00,0.00,0.01,0.00,0.30,0.01,0.06,0.01,0.00,1.00,0.07
36,0.00,0.01,0.15,0.48,0.19,0.00,0.02,0.00,0.03,0.69,0.62,0.00,0.00,0.07,0.00,0.64,0.00,0.05,0.00,0.02,0.96,0.23
8,0.00,0.03,0.00,0.88,0.09,0.00,0.30,0.00,1.00,0.03,0.16,0.00,0.00,0.15,0.05,0.03,0.00,0.04,0.01,0.02,0.98,0.99
95,0.00,0.13,0.01,0.83,0.03,0.00,0.88,0.00,0.13,0.64,0.18,0.00,0.00,0.01,0.00,0.50,0.00,0.01,0.01,0.02,1.00,0.79
66,0.00,0.43,0.01,0.25,0.01,0.00,0.05,0.01,0.01,0.81,0.14,0.00,0.00,0.03,0.01,0.69,0.01,0.00,0.06,0.01,0.98,0.08
37,0.00,0.07,0.02,0.71,0.09,0.00,0.69,0.00,0.55,0.32,0.09,0.00,0.00,0.14,0.00,0.61,0.00,0.01,0.01,0.01,0.99,0.84
9,0.00,0.03,0.00,0.92,0.09,0.00,0.29,0.00,1.00,0.03,0.13,0.00,0.00,0.16,0.03,0.02,0.00,0.03,0.01,0.02,0.98,0.99
96,0.00,0.56,0.02,0.56,0.03,0.00,0.79,0.00,0.10,0.15,0.04,0.00,0.00,0.05,0.00,0.44,0.00,0.00,1.00,0.02,0.97,0.24
67,0.00,0.26,0.00,0.34,0.01,0.00,0.05,0.00,0.01,0.54,0.13,0.00,0.00,0.02,0.01,0.65,0.00,0.00,0.97,0.02,0.81,0.03
38,0.00,0.02,0.01,0.97,0.11,0.00,0.13,0.00,0.12,0.33,0.13,0.00,0.05,0.12,0.00,0.74,0.00,0.03,0.05,0.01,0.52,0.26
10,0.00,0.05,0.00,0.67,0.13,0.00,0.25,0.00,1.00,0.05,0.08,0.00,0.00,0.09,0.49,0.02,0.00,0.01,0.01,0.04,0.92,0.86
97,0.00,0.98,0.01,0.76,0.02,0.00,0.78,0.00,0.06,0.25,0.25,0.00,0.00,0.01,0.00,0.65,0.00,0.00,0.37,0.04,0.97,0.12
68,0.00,0.07,0.00,0.50,0.03,0.00,0.13,0.00,0.03,0.29,0.15,0.00,0.00,0.02,0.01,0.51,0.00,0.01,0.03,0.18,0.29,0.04
39,0.00,0.04,0.03,0.87,0.05,0.00,0.38,0.00,0.02,0.23,0.09,0.00,0.14,0.04,0.00,0.47,0.00,0.02,0.22,0.02,0.22,0.02
11,0.00,0.05,0.00,0.68,0.13,0.00,0.25,0.00,1.00,0.05,0.08,0.00,0.00,0.08,0.48,0.02,0.00,0.01,0.01,0.04,0.92,0.87
98,0.00,0.98,0.02,0.82,0.02,0.00,0.99,0.00,0.10,0.24,0.39,0.00,0.00,0.01,0.00,0.71,0.00,0.01,0.00,0.01,1.00,0.43
69,0.00,0.01,0.00,0.34,0.04,0.00,0.03,0.00,0.04,0.23,0.05,0.00,0.00,0.03,0.02,0.80,0.01,0.01,0.03,0.04,0.12,0.09
40,0.00,0.05,0.01,0.88,0.03,0.00,0.07,0.00,0.02,0.18,0.11,0.00,0.08,0.05,0.00,0.64,0.00,0.01,0.75,0.01,0.11,0.03
12,0.00,0.09,0.00,0.87,0.16,0.00,0.05,0.00,1.00,0.05,0.03,0.00,0.00,0.08,0.42,0.05,0.01,0.00,0.01,0.02,0.89,0.97
99,0.00,0.75,0.09,0.65,0.03,0.00,0.99,0.00,0.12,0.20,0.06,0.00,0.00,0.01,0.00,0.77,0.00,0.01,0.01,0.01,1.00,0.39
70,0.00,0.09,0.06,0.82,0.05,0.00,0.99,0.00,0.03,0.06,0.02,0.00,0.00,0.03,0.00,0.34,0.00,0.00,0.50,0.04,0.76,0.11
41,0.00,0.11,0.01,0.95,0.02,0.00,0.11,0.00,0.02,0.24,0.16,0.00,0.05,0.03,0.00,0.74,0.00,0.02,0.49,0.01,0.17,0.04
13,0.00,0.00,0.00,0.00,0.02,0.00,0.22,0.00,0.02,0.00,0.00,0.00,0.05,0.48,0.95,0.01,0.38,0.00,0.18,0.06,0.00,0.01
100,0.00,0.54,0.12,0.08,0.01,0.00,0.69,0.00,0.07,0.63,0.38,0.00,0.00,0.01,0.00,0.64,0.00,0.01,0.45,0.01,0.99,0.02
71,0.00,0.31,0.01,0.12,0.01,0.00,0.61,0.00,0.10,0.58,0.48,0.00,0.00,0.02,0.00,0.47,0.00,0.02,0.03,0.28,0.98,0.08
42,0.00,0.06,0.01,0.92,0.03,0.00,0.02,0.00,0.02,0.24,0.07,0.00,0.00,0.04,0.01,0.88,0.00,0.01,0.22,0.01,0.07,0.04
14,0.00,0.01,0.00,0.01,0.01,0.00,0.90,0.00,0.02,0.00,0.00,0.00,0.00,0.81,0.76,0.00,0.07,0.03,0.24,0.12,0.00,0.00
101,0.00,0.16,0.01,0.28,0.01,0.00,0.14,0.00,0.04,0.80,0.64,0.00,0.00,0.00,0.00,0.76,0.00,0.18,0.03,0.01,0.95,0.03
72,0.00,0.03,0.00,0.31,0.01,0.00,0.02,0.00,0.07,0.56,0.07,0.00,0.00,0.01,0.01,0.49,0.00,0.00,0.07,0.39,0.61,0.12
43,0.00,0.10,0.00,0.88,0.02,0.00,0.02,0.00,0.03,0.43,0.22,0.00,0.00,0.03,0.01,0.82,0.00,0.00,0.10,0.03,0.32,0.05
15,0.00,0.01,0.00,0.00,0.01,0.00,0.51,0.00,0.01,0.00,0.00,0.00,0.00,0.85,0.93,0.01,0.09,0.01,0.23,0.11,0.00,0.00
102,0.00,0.28,0.00,0.02,0.00,0.00,0.02,0.00,0.01,0.35,0.05,0.00,0.00,0.01,0.00,0.34,0.00,0.00,0.06,0.81,0.47,0.03
73,0.00,0.04,0.00,0.37,0.01,0.00,0.01,0.00,0.44,0.56,0.09,0.00,0.00,0.01,0.13,0.49,0.01,0.00,0.06,0.16,0.99,0.79
44,0.00,0.06,0.01,1.00,0.07,0.00,0.04,0.00,0.09,0.38,0.74,0.00,0.00,0.21,0.00,0.81,0.00,0.13,0.00,0.01,0.30,0.45
16,0.00,0.02,0.00,0.01,0.01,0.00,0.99,0.00,0.04,0.00,0.00,0.00,0.00,0.84,0.27,0.00,0.05,0.04,0.26,0.14,0.00,0.00
103,0.00,0.59,0.00,0.94,0.02,0.00,0.81,0.00,0.97,0.28,0.70,0.00,0.00,0.03,0.02,0.23,0.00,0.00,0.06,0.03,1.00,0.97
74,0.00,0.13,0.01,0.08,0.00,0.00,0.04,0.00,0.02,0.57,0.14,0.00,0.00,0.00,0.01,0.66,0.00,0.03,0.45,0.14,0.64,0.01
45,0.00,0.08,0.03,1.00,0.05,0.00,0.32,0.00,0.20,0.26,0.91,0.00,0.00,0.15,0.00,0.48,0.00,0.17,0.00,0.02,0.71,0.65
17,0.00,0.01,0.00,0.00,0.01,0.00,0.70,0.00,0.01,0.00,0.00,0.00,0.00,0.86,0.84,0.01,0.08,0.02,0.24,0.14,0.00,0.00
104,0.00,0.98,0.02,0.82,0.03,0.00,1.00,0.00,1.00,0.45,0.68,0.00,0.00,0.02,0.01,0.18,0.00,0.01,0.00,0.01,1.00,1.00
75,0.00,0.56,0.00,0.21,0.00,0.00,0.06,0.00,0.02,0.76,0.46,0.00,0.00,0.01,0.00,0.32,0.00,0.04,0.22,0.11,0.96,0.02
46,0.00,0.06,0.05,1.00,0.04,0.00,0.78,0.00,0.07,0.29,0.24,0.00,0.06,0.11,0.00,0.31,0.00,0.09,0.00,0.04,0.93,0.41
18,0.00,0.01,0.00,0.00,0.01,0.00,0.57,0.00,0.01,0.00,0.00,0.00,0.00,0.84,0.93,0.01,0.09,0.01,0.24,0.11,0.00,0.00
105,0.00,0.25,0.03,0.14,0.03,0.00,0.69,0.00,0.08,0.08,0.01,0.00,0.00,0.10,0.00,0.30,0.00,0.00,0.17,0.18,0.44,0.16
76,0.00,0.19,0.00,0.39,0.01,0.00,0.15,0.00,0.06,0.07,0.18,0.00,0.00,0.06,0.02,0.28,0.00,0.01,0.22,0.31,0.04,0.06
47,0.00,0.05,0.02,0.45,0.04,0.00,0.68,0.00,0.03,0.25,0.01,0.00,0.00,0.07,0.00,0.48,0.00,0.00,0.08,0.04,0.97,0.17
19,0.00,0.98,0.04,0.97,0.02,0.00,0.99,0.00,0.02,0.05,0.05,0.00,0.00,0.02,0.00,0.25,0.00,0.00,0.05,0.11,0.40,0.26
106,0.00,0.12,0.00,0.32,0.03,0.00,0.39,0.00,0.06,0.61,0.12,0.00,0.00,0.12,0.01,0.21,0.00,0.01,0.06,0.02,1.00,0.29
77,0.00,0.13,0.00,0.47,0.01,0.00,0.02,0.00,0.01,0.09,0.13,0.00,0.00,0.03,0.03,0.36,0.00,0.00,0.41,0.83,0.04,0.04
48,0.00,0.06,0.42,0.89,0.06,0.00,0.93,0.00,0.98,0.48,0.03,0.00,0.05,0.04,0.00,0.13,0.00,0.00,0.00,0.04,1.00,0.89
20,0.00,0.41,0.01,0.11,0.01,0.00,0.40,0.03,0.96,0.99,0.31,0.00,0.00,0.01,0.00,0.04,0.01,0.81,0.02,0.04,1.00,0.08
107,0.00,0.28,0.01,0.16,0.01,0.00,0.70,0.00,0.02,0.38,0.01,0.00,0.00,0.32,0.00,0.04,0.00,0.00,0.34,0.77,0.97,0.06
78,0.00,0.61,0.10,0.07,0.01,0.00,0.90,0.00,0.38,0.93,0.09,0.00,0.00,0.03,0.00,0.39,0.00,0.03,0.00,0.00,1.00,0.44
49,0.00,0.07,0.03,0.17,0.09,0.00,0.95,0.00,0.98,0.24,0.02,0.00,0.00,0.07,0.00,0.32,0.00,0.00,0.01,0.01,1.00,0.91
21,0.00,0.92,0.00,0.91,0.02,0.00,0.05,0.00,0.05,0.31,0.99,0.00,0.00,0.01,0.07,0.92,0.00,0.03,0.00,0.02,0.32,0.15
108,0.00,0.21,0.02,0.37,0.01,0.00,0.58,0.00,0.04,0.19,0.03,0.00,0.00,0.33,0.01,0.15,0.00,0.00,0.91,0.28,0.91,0.08
79,0.00,0.80,0.06,0.05,0.02,0.00,0.48,0.00,0.43,0.70,0.16,0.00,0.00,0.04,0.00,0.65,0.00,0.02,0.00,0.00,1.00,0.47
50,0.00,0.31,0.03,0.23,0.03,0.00,0.99,0.00,0.87,0.35,0.11,0.00,0.00,0.02,0.00,0.16,0.00,0.06,0.00,0.00,1.00,0.91
22,0.00,0.00,0.00,0.00,0.02,0.00,0.22,0.00,0.02,0.00,0.00,0.00,0.05,0.48,0.95,0.01,0.38,0.00,0.18,0.06,0.00,0.01
109,0.00,0.34,0.00,0.40,0.01,0.00,0.15,0.01,0.02,0.20,0.07,0.00,0.00,0.04,0.01,0.35,0.00,0.00,0.98,0.05,0.22,0.03
80,0.00,0.25,0.00,0.04,0.02,0.00,0.89,0.00,0.99,0.33,0.01,0.00,0.00,0.87,0.00,0.04,0.00,0.00,0.03,0.02,1.00,0.97
51,0.00,0.86,0.04,0.83,0.06,0.00,1.00,0.01,0.87,0.39,0.21,0.00,0.00,0.01,0.00,0.07,0.00,0.22,0.00,0.00,1.00,0.73
23,0.00,0.00,0.00,0.00,0.02,0.00,0.22,0.00,0.02,0.00,0.00,0.00,0.05,0.48,0.95,0.01,0.38,0.00,0.18,0.06,0.00,0.01
110,0.00,0.10,0.03,0.03,0.01,0.00,0.25,0.00,0.89,0.97,0.13,0.00,0.00,0.04,0.00,0.76,0.00,0.09,0.00,0.00,1.00,0.45
81,0.00,0.04,0.13,0.67,0.10,0.00,0.98,0.00,0.15,0.08,0.02,0.00,0.00,0.05,0.00,0.51,0.00,0.00,0.01,0.06,0.89,0.21
52,0.00,0.19,0.01,0.58,0.05,0.00,0.49,0.00,0.36,0.05,0.06,0.00,0.00,0.02,0.05,0.44,0.00,0.01,0.01,0.06,0.93,0.49
24,0.00,0.00,0.00,0.00,0.02,0.00,0.22,0.00,0.02,0.00,0.00,0.00,0.05,0.48,0.95,0.01,0.38,0.00,0.18,0.06,0.00,0.01
111,0.00,0.11,0.01,0.02,0.01,0.00,0.09,0.00,0.19,0.99,0.19,0.00,0.00,0.01,0.00,0.90,0.00,0.05,0.00,0.01,1.00,0.13
82,0.00,0.01,0.08,0.07,0.06,0.00,0.51,0.00,0.59,0.49,0.01,0.00,0.00,0.65,0.00,0.05,0.00,0.00,0.85,0.08,1.00,0.17
53,0.00,0.13,0.01,0.71,0.02,0.00,0.93,0.00,0.08,0.12,0.07,0.00,0.00,0.03,0.00,0.75,0.00,0.00,0.08,0.04,0.76,0.05
25,0.00,0.00,0.00,0.00,0.02,0.00,0.22,0.00,0.02,0.00,0.00,0.00,0.05,0.48,0.95,0.01,0.38,0.00,0.18,0.06,0.00,0.01
112,0.00,0.92,0.00,0.07,0.03,0.00,0.20,0.00,0.36,0.81,0.35,0.00,0.00,0.08,0.03,0.08,0.00,0.02,0.00,0.01,1.00,0.74
83,0.00,0.02,0.01,0.17,0.05,0.00,0.02,0.00,0.01,0.19,0.02,0.00,0.00,0.20,0.00,0.85,0.00,0.01,0.42,0.14,0.12,0.01
54,0.00,0.93,0.01,0.43,0.02,0.00,0.94,0.01,0.45,0.10,0.73,0.00,0.00,0.08,0.01,0.07,0.02,0.25,0.00,0.01,0.99,0.86
26,0.00,0.00,0.00,0.00,0.02,0.00,0.22,0.00,0.02,0.00,0.00,0.00,0.05,0.48,0.95,0.01,0.38,0.00,0.18,0.06,0.00,0.01
113,0.00,0.11,0.00,0.10,0.02,0.00,0.22,0.00,0.67,0.59,0.29,0.00,0.00,0.04,0.04,0.23,0.00,0.02,0.01,0.07,1.00,0.17
84,0.00,0.18,0.00,0.04,0.00,0.00,0.06,0.00,0.14,1.00,0.20,0.00,0.00,0.02,0.00,0.44,0.01,0.18,0.02,0.00,1.00,0.12
55,0.00,0.94,0.01,0.25,0.04,0.00,0.95,0.02,0.60,0.06,0.80,0.00,0.00,0.05,0.02,0.06,0.02,0.23,0.00,0.01,0.99,0.91
27,0.00,0.00,0.00,0.00,0.02,0.00,0.22,0.00,0.02,0.00,0.00,0.00,0.05,0.48,0.95,0.01,0.38,0.00,0.18,0.06,0.00,0.01
114,0.00,0.06,0.03,0.30,0.02,0.00,0.11,0.00,0.59,0.30,0.02,0.00,0.00,0.02,0.00,0.96,0.00,0.01,0.01,0.02,0.88,0.12
85,0.00,0.11,0.00,0.10,0.00,0.00,0.04,0.00,0.06,1.00,0.19,0.00,0.00,0.01,0.00,0.73,0.01,0.06,0.02,0.00,1.00,0.09
56,0.00,0.45,0.01,0.60,0.00,0.00,0.85,0.01,0.14,0.15,0.70,0.00,0.00,0.07,0.01,0.15,0.03,0.17,0.02,0.04,0.81,0.15
28,0.00,0.01,0.00,0.18,0.01,0.00,0.00,0.00,0.05,0.96,0.02,0.00,0.00,0.02,0.06,0.93,0.00,0.00,0.12,0.10,0.87,0.09
115,0.00,0.05,0.01,0.10,0.01,0.00,0.11,0.00,0.02,0.34,0.02,0.00,0.00,0.03,0.00,0.89,0.00,0.00,0.17,0.04,0.97,0.02
86,0.00,0.44,0.04,0.51,0.01,0.00,0.99,0.00,0.38,0.31,0.07,0.00,0.00,0.06,0.00,0.06,0.00,0.01,0.04,0.03,1.00,0.71
57,0.00,0.42,0.01,0.37,0.00,0.00,0.56,0.00,0.31,0.09,0.18,0.00,0.00,0.09,0.01,0.18,0.00,0.00,0.43,0.08,0.21,0.06
116,0.00,0.27,0.00,0.02,0.01,0.00,0.09,0.00,0.01,0.39,0.05,0.01,0.00,0.01,0.00,0.60,0.01,0.01,0.32,0.03,0.91,0.01
145,0.00,0.20,0.01,0.66,0.01,0.00,0.29,0.02,0.09,0.32,0.22,0.00,0.00,0.01,0.03,0.27,0.01,0.05,0.02,0.02,0.83,0.17
174,0.00,0.69,0.00,0.06,0.00,0.00,0.01,0.01,0.15,0.92,0.79,0.01,0.00,0.01,0.01,0.15,0.02,0.21,0.05,0.04,1.00,0.18
203,0.00,0.02,0.13,0.65,0.08,0.00,0.10,0.00,0.01,0.19,0.48,0.00,0.00,0.01,0.01,0.40,0.01,0.01,0.00,0.05,0.81,0.04
117,0.00,0.74,0.00,0.06,0.01,0.00,0.04,0.01,0.01,0.44,0.02,0.01,0.00,0.00,0.00,0.81,0.01,0.01,0.03,0.02,0.95,0.03
146,0.00,0.79,0.11,0.51,0.03,0.00,0.94,0.00,0.14,0.47,0.22,0.00,0.00,0.03,0.00,0.36,0.00,0.21,0.00,0.00,1.00,0.63
175,0.00,0.55,0.00,0.06,0.01,0.00,0.05,0.01,0.01,0.92,0.98,0.00,0.00,0.01,0.01,0.26,0.02,0.11,0.02,0.01,1.00,0.04
204,0.00,0.03,0.01,0.90,0.01,0.00,0.18,0.00,0.01,0.26,0.21,0.00,0.00,0.03,0.02,0.63,0.01,0.02,0.06,0.02,0.30,0.02
118,0.00,1.00,0.03,0.08,0.00,0.00,0.95,0.00,0.93,0.81,0.36,0.00,0.00,0.03,0.00,0.11,0.00,0.04,0.00,0.00,1.00,0.94
147,0.00,0.76,0.28,0.09,0.01,0.00,0.93,0.00,0.15,0.96,0.07,0.00,0.09,0.00,0.00,0.18,0.00,0.09,0.16,0.01,1.00,0.05
176,0.00,0.99,0.00,0.06,0.01,0.00,0.18,0.03,0.05,0.86,1.00,0.00,0.00,0.01,0.08,0.08,0.01,0.31,0.01,0.00,1.00,0.28
205,0.00,0.15,0.01,0.89,0.01,0.00,0.28,0.01,0.03,0.10,0.72,0.00,0.00,0.06,0.01,0.33,0.02,0.13,0.07,0.02,0.05,0.07
119,0.00,0.90,0.00,0.22,0.01,0.00,0.13,0.00,0.35,0.92,0.10,0.00,0.00,0.02,0.03,0.25,0.00,0.00,0.02,0.11,1.00,0.34
148,0.00,0.87,0.09,0.40,0.01,0.00,0.62,0.00,0.08,0.93,0.17,0.01,0.12,0.00,0.00,0.19,0.00,0.36,0.09,0.00,1.00,0.07
206,0.00,0.95,0.00,0.51,0.02,0.00,0.82,0.01,0.03,0.12,1.00,0.00,0.00,0.02,0.06,0.07,0.06,0.94,0.00,0.00,0.93,0.07
177,0.00,0.96,0.00,0.24,0.01,0.00,0.08,0.02,0.10,0.90,0.91,0.00,0.00,0.01,0.11,0.14,0.01,0.32,0.01,0.00,1.00,0.15
120,0.00,0.64,0.00,0.31,0.01,0.00,0.05,0.00,0.05,0.14,0.40,0.00,0.00,0.00,0.02,0.28,0.01,0.01,0.01,0.40,0.33,0.07
149,0.00,0.47,0.01,0.94,0.01,0.00,0.23,0.01,0.01,0.99,0.97,0.02,0.15,0.00,0.00,0.13,0.00,1.00,0.03,0.00,1.00,0.11
207,0.00,0.63,0.00,0.32,0.02,0.00,0.19,0.01,0.02,0.26,0.99,0.00,0.00,0.01,0.04,0.35,0.08,0.47,0.00,0.00,0.55,0.06
178,0.00,0.69,0.01,0.09,0.01,0.01,0.91,0.00,0.89,0.46,0.02,0.00,0.00,0.84,0.00,0.04,0.00,0.01,0.01,0.00,1.00,0.89
121,0.00,0.10,0.00,0.71,0.01,0.00,0.05,0.00,0.41,0.12,0.14,0.00,0.00,0.02,0.04,0.21,0.00,0.00,0.01,0.89,0.34,0.21
179,0.00,1.00,0.00,0.06,0.03,0.00,0.91,0.01,0.34,0.38,0.02,0.00,0.00,0.36,0.16,0.02,0.01,0.00,0.01,0.00,1.00,0.56
208,0.00,0.14,0.00,0.31,0.03,0.00,0.01,0.00,0.05,0.07,0.87,0.00,0.00,0.06,0.33,0.88,0.01,0.04,0.01,0.03,0.09,0.11
150,0.00,0.25,0.00,1.00,0.00,0.00,0.09,0.04,0.00,0.68,1.00,0.01,0.06,0.00,0.01,0.25,0.00,1.00,0.04,0.00,0.86,0.14
122,0.00,0.96,0.01,0.86,0.01,0.00,0.68,0.00,0.32,0.78,0.93,0.00,0.00,0.01,0.00,0.15,0.00,0.45,0.00,0.00,1.00,0.52
180,0.00,0.35,0.01,0.02,0.00,0.00,0.66,0.00,0.97,0.90,0.54,0.00,0.00,0.07,0.00,0.19,0.00,0.22,0.00,0.00,1.00,0.81
209,0.00,0.08,0.00,1.00,0.01,0.00,0.01,0.00,0.02,0.13,0.91,0.00,0.00,0.05,0.58,0.25,0.10,0.56,0.00,0.00,0.21,0.03
151,0.00,0.88,0.01,1.00,0.01,0.00,0.71,0.03,0.22,0.42,0.96,0.00,0.00,0.00,0.00,0.22,0.01,0.95,0.00,0.01,0.98,0.51
123,0.00,0.03,0.00,0.41,0.08,0.00,0.43,0.00,0.36,0.25,0.07,0.00,0.00,0.05,0.01,0.31,0.00,0.00,0.02,0.07,0.99,0.44
181,0.00,0.03,0.01,0.03,0.00,0.00,0.68,0.00,0.88,0.87,0.35,0.00,0.00,0.06,0.00,0.52,0.00,0.10,0.00,0.01,1.00,0.67
210,0.00,0.02,0.00,0.38,0.01,0.00,0.00,0.00,0.09,0.16,0.05,0.00,0.00,0.05,0.40,0.50,0.00,0.00,0.06,0.22,0.14,0.13
152,0.00,0.54,0.01,0.87,0.01,0.00,0.89,0.05,0.16,0.23,0.98,0.00,0.00,0.00,0.02,0.11,0.01,0.91,0.01,0.16,0.99,0.20
124,0.00,0.02,0.00,0.11,0.01,0.00,0.01,0.00,0.01,0.11,0.01,0.00,0.00,0.04,0.04,0.32,0.01,0.00,0.11,1.00,0.04,0.02
182,0.00,0.98,0.00,0.04,0.01,0.00,1.00,0.00,1.00,0.64,0.10,0.00,0.00,0.04,0.00,0.01,0.01,0.16,0.01,0.00,1.00,0.98
211,0.00,0.47,0.02,0.39,0.01,0.00,0.85,0.00,0.07,0.32,0.10,0.00,0.00,0.07,0.00,0.21,0.01,0.01,0.03,0.06,0.99,0.50
153,0.00,0.80,0.00,0.91,0.00,0.00,0.43,0.07,0.10,0.83,0.23,0.00,0.00,0.00,0.00,0.03,0.01,0.92,0.27,0.84,1.00,0.06
125,0.00,0.16,0.01,0.02,0.01,0.00,0.17,0.00,0.21,0.81,0.01,0.00,0.00,0.01,0.01,0.81,0.00,0.00,0.05,0.06,1.00,0.25
183,0.00,0.94,0.00,0.06,0.00,0.00,1.00,0.01,0.90,0.70,0.51,0.00,0.00,0.05,0.00,0.01,0.01,0.61,0.01,0.01,1.00,0.81
212,0.00,0.70,0.03,0.37,0.01,0.00,0.79,0.00,0.08,0.32,0.03,0.00,0.00,0.08,0.00,0.22,0.00,0.00,0.09,0.06,0.98,0.24
154,0.00,0.01,0.00,0.13,0.01,0.00,0.00,0.00,0.02,0.02,0.02,0.00,0.00,0.26,0.27,0.16,0.00,0.00,0.09,1.00,0.00,0.01
126,0.00,0.98,0.01,0.01,0.00,0.00,0.44,0.01,0.04,0.98,0.21,0.00,0.00,0.01,0.00,0.11,0.00,0.49,0.02,0.00,1.00,0.04
184,0.00,0.96,0.00,0.10,0.00,0.00,0.99,0.01,0.97,0.90,0.81,0.00,0.00,0.06,0.00,0.02,0.01,0.66,0.00,0.01,1.00,0.94
213,0.00,0.27,0.02,0.37,0.01,0.00,0.61,0.00,0.06,0.27,0.12,0.00,0.00,0.05,0.00,0.34,0.01,0.01,0.04,0.15,0.93,0.26
155,0.00,0.04,0.00,0.01,0.01,0.00,0.01,0.01,0.11,0.11,0.01,0.06,0.00,0.00,0.03,0.01,0.96,0.93,0.02,0.99,0.44,0.09
127,0.00,0.05,0.00,0.00,0.01,0.00,0.01,0.00,0.05,0.46,0.03,0.06,0.00,0.00,0.06,0.01,0.96,0.98,0.04,0.78,0.91,0.10
185,0.00,0.84,0.00,0.14,0.00,0.00,0.99,0.01,0.94,0.78,0.66,0.00,0.00,0.17,0.00,0.03,0.01,0.42,0.01,0.02,1.00,0.92
214,0.00,0.71,0.04,0.15,0.02,0.00,1.00,0.00,0.70,0.44,0.06,0.00,0.00,0.05,0.00,0.11,0.00,0.00,0.03,0.03,1.00,0.92
156,0.00,0.98,0.00,0.39,0.01,0.00,0.06,0.01,0.04,0.31,0.98,0.00,0.00,0.01,0.04,0.10,0.02,0.13,0.00,0.09,0.89,0.08
128,0.00,0.86,0.00,0.12,0.01,0.00,0.06,0.01,0.04,0.92,0.45,0.00,0.00,0.01,0.00,0.81,0.01,0.06,0.00,0.00,1.00,0.09
186,0.00,0.58,0.00,0.06,0.00,0.00,0.13,0.01,0.08,0.88,0.92,0.00,0.00,0.06,0.01,0.09,0.01,0.59,0.04,0.00,0.99,0.15
215,0.00,0.21,0.03,0.07,0.01,0.00,0.96,0.00,0.71,0.66,0.02,0.00,0.00,0.05,0.00,0.16,0.00,0.00,0.09,0.04,1.00,0.86
157,0.00,0.90,0.00,0.08,0.01,0.00,0.06,0.02,0.03,0.79,0.56,0.00,0.00,0.01,0.02,0.18,0.02,0.43,0.07,0.06,1.00,0.10
129,0.00,0.77,0.00,0.14,0.01,0.00,0.07,0.01,0.04,0.85,0.90,0.00,0.00,0.01,0.01,0.79,0.01,0.08,0.01,0.00,0.98,0.13
187,0.00,0.99,0.01,0.05,0.01,0.01,1.00,0.00,0.82,0.10,0.10,0.00,0.00,0.46,0.00,0.02,0.00,0.05,0.00,0.00,1.00,0.96
216,0.00,0.13,0.03,0.06,0.01,0.00,0.97,0.00,0.81,0.64,0.01,0.00,0.00,0.06,0.00,0.12,0.00,0.00,0.19,0.05,1.00,0.83
158,0.00,0.62,0.01,0.38,0.02,0.00,0.11,0.01,0.01,0.95,0.22,0.00,0.00,0.00,0.00,0.91,0.01,0.04,0.00,0.01,1.00,0.05
130,0.00,1.00,0.00,0.08,0.01,0.00,0.26,0.01,0.07,0.33,0.91,0.00,0.00,0.03,0.02,0.11,0.01,0.03,0.01,0.00,1.00,0.18
188,0.00,0.91,0.01,0.11,0.01,0.00,1.00,0.00,0.98,0.19,0.11,0.00,0.00,0.32,0.00,0.02,0.00,0.02,0.00,0.00,1.00,1.00
217,0.00,0.16,0.05,0.06,0.01,0.00,0.94,0.00,0.28,0.80,0.01,0.00,0.00,0.10,0.00,0.13,0.00,0.00,0.25,0.07,1.00,0.58
159,0.00,0.60,0.01,0.28,0.01,0.00,0.10,0.01,0.01,0.94,0.45,0.00,0.00,0.00,0.00,0.92,0.01,0.05,0.01,0.00,1.00,0.04
131,0.00,0.18,0.00,0.07,0.01,0.00,0.12,0.00,0.03,0.49,0.23,0.00,0.00,0.00,0.00,0.45,0.05,0.41,0.06,0.02,0.76,0.03
189,0.00,0.96,0.01,0.02,0.00,0.01,1.00,0.01,0.80,0.13,0.13,0.00,0.00,0.04,0.00,0.01,0.01,0.63,0.01,0.00,1.00,0.95
218,0.00,0.17,0.05,0.08,0.01,0.00,0.96,0.00,0.28,0.82,0.02,0.00,0.00,0.06,0.00,0.13,0.00,0.00,0.17,0.09,1.00,0.62
160,0.00,0.46,0.00,0.67,0.01,0.00,0.05,0.00,0.01,0.67,0.54,0.00,0.00,0.01,0.05,0.65,0.01,0.01,0.01,0.16,0.80,0.08
132,0.00,0.40,0.00,0.01,0.00,0.00,0.05,0.00,0.06,0.89,0.06,0.00,0.00,0.00,0.00,0.24,0.03,0.06,0.84,0.06,1.00,0.03
190,0.00,0.92,0.01,0.02,0.00,0.00,1.00,0.01,0.59,0.19,0.40,0.00,0.00,0.04,0.00,0.01,0.00,0.90,0.03,0.00,1.00,0.88
219,0.00,0.86,0.02,0.18,0.01,0.00,0.25,0.01,0.41,0.81,0.45,0.00,0.00,0.10,0.01,0.27,0.00,0.01,0.03,0.02,1.00,0.67
161,0.00,0.86,0.00,0.59,0.00,0.00,0.13,0.00,0.04,0.87,0.80,0.00,0.00,0.01,0.02,0.29,0.01,0.01,0.02,0.04,1.00,0.14
133,0.00,0.81,0.03,0.98,0.01,0.00,0.51,0.00,0.00,0.85,0.18,0.02,0.19,0.02,0.00,0.22,0.00,0.02,0.00,0.01,0.94,0.02
191,0.00,0.96,0.01,0.01,0.00,0.00,1.00,0.01,0.77,0.18,0.24,0.00,0.00,0.06,0.00,0.01,0.00,0.69,0.01,0.00,1.00,0.85
220,0.00,0.41,0.02,0.16,0.01,0.00,0.21,0.01,0.38,0.87,0.15,0.00,0.00,0.18,0.00,0.30,0.00,0.00,0.11,0.05,1.00,0.59
162,0.00,0.86,0.00,0.21,0.01,0.00,0.05,0.01,0.03,0.12,0.33,0.00,0.00,0.01,0.01,0.37,0.01,0.02,0.38,0.02,0.24,0.03
134,0.00,0.87,0.06,0.48,0.01,0.00,0.36,0.01,0.01,0.89,0.96,0.01,0.11,0.03,0.00,0.16,0.00,0.83,0.00,0.01,0.97,0.07
192,0.00,0.95,0.01,0.02,0.01,0.00,1.00,0.00,0.94,0.28,0.18,0.00,0.00,0.58,0.00,0.02,0.00,0.03,0.01,0.00,1.00,0.94
221,0.00,0.26,0.02,0.11,0.01,0.00,0.17,0.01,0.41,0.94,0.09,0.00,0.00,0.21,0.00,0.26,0.00,0.00,0.18,0.07,1.00,0.48
163,0.00,0.89,0.01,0.51,0.00,0.00,0.08,0.01,0.03,0.36,0.16,0.00,0.00,0.01,0.04,0.37,0.00,0.00,0.01,0.56,0.73,0.09
135,0.00,0.43,0.01,0.99,0.02,0.00,0.20,0.01,0.01,0.56,0.96,0.00,0.00,0.01,0.00,0.50,0.00,0.07,0.00,0.02,0.94,0.11
193,0.00,0.97,0.01,0.01,0.01,0.00,1.00,0.00,0.97,0.35,0.20,0.00,0.00,0.67,0.00,0.02,0.01,0.02,0.00,0.00,1.00,0.98
222,0.00,0.22,0.05,0.11,0.01,0.00,0.45,0.00,0.71,0.82,0.09,0.00,0.00,0.38,0.00,0.21,0.00,0.00,0.18,0.05,1.00,0.62
164,0.00,0.99,0.01,0.01,0.01,0.00,0.09,0.01,0.03,0.96,0.91,0.00,0.00,0.04,0.02,0.20,0.03,0.07,0.00,0.00,1.00,0.14
136,0.00,0.94,0.00,0.34,0.01,0.00,0.14,0.03,0.01,0.80,0.34,0.00,0.00,0.00,0.00,0.49,0.01,0.07,0.02,0.00,0.98,0.07
194,0.00,0.78,0.00,0.05,0.01,0.00,0.97,0.00,1.00,0.69,0.10,0.00,0.00,0.13,0.00,0.05,0.00,0.00,0.01,0.09,1.00,1.00
223,0.00,0.11,0.04,0.09,0.01,0.00,0.36,0.00,0.74,0.84,0.05,0.00,0.00,0.51,0.00,0.17,0.00,0.00,0.30,0.10,1.00,0.51
165,0.00,0.64,0.01,0.82,0.02,0.00,0.03,0.01,0.03,0.59,0.99,0.00,0.00,0.05,0.03,0.77,0.00,0.02,0.01,0.04,0.92,0.21
137,0.00,0.56,0.00,0.95,0.02,0.00,0.07,0.01,0.02,0.66,0.62,0.00,0.00,0.01,0.02,0.45,0.00,0.02,0.00,0.06,0.97,0.20
195,0.00,0.68,0.00,0.02,0.00,0.00,0.08,0.01,0.07,1.00,0.18,0.00,0.00,0.01,0.01,0.28,0.00,0.01,0.02,0.01,1.00,0.14
224,0.00,0.09,0.04,0.09,0.01,0.00,0.36,0.00,0.77,0.78,0.04,0.00,0.00,0.51,0.00,0.18,0.00,0.00,0.33,0.10,1.00,0.51
166,0.00,0.47,0.00,0.05,0.00,0.00,0.08,0.01,0.09,0.67,0.05,0.00,0.00,0.12,0.03,0.25,0.01,0.03,0.04,0.05,0.99,0.14
138,0.00,0.13,0.00,1.00,0.01,0.00,0.21,0.00,0.02,0.25,0.95,0.00,0.00,0.01,0.00,0.53,0.00,0.09,0.00,0.02,0.42,0.09
196,0.00,0.24,0.00,0.05,0.00,0.00,0.01,0.00,0.01,1.00,0.13,0.00,0.00,0.04,0.01,0.22,0.00,0.00,0.12,0.02,1.00,0.04
225,0.00,0.11,0.04,0.10,0.01,0.00,0.45,0.00,0.73,0.75,0.04,0.00,0.00,0.45,0.00,0.20,0.00,0.00,0.32,0.07,1.00,0.55
167,0.00,0.44,0.00,0.28,0.01,0.00,0.18,0.01,0.20,0.84,0.31,0.00,0.00,0.04,0.01,0.12,0.00,0.03,0.10,0.03,1.00,0.31
139,0.00,0.93,0.01,0.84,0.01,0.00,0.21,0.00,0.04,0.85,1.00,0.00,0.00,0.01,0.00,0.38,0.00,0.44,0.00,0.00,0.99,0.20
197,0.00,0.86,0.00,0.14,0.01,0.00,0.03,0.01,0.01,1.00,0.46,0.00,0.00,0.01,0.01,0.30,0.01,0.02,0.03,0.02,1.00,0.03
226,0.00,0.07,0.03,0.09,0.01,0.00,0.36,0.00,0.77,0.79,0.04,0.00,0.00,0.51,0.00,0.17,0.00,0.00,0.38,0.10,1.00,0.52
168,0.00,0.32,0.00,0.49,0.00,0.00,0.04,0.00,0.07,0.94,0.07,0.00,0.00,0.05,0.01,0.22,0.00,0.00,0.38,0.12,0.99,0.13
140,0.00,0.51,0.01,0.67,0.01,0.00,0.02,0.00,0.10,0.97,0.66,0.00,0.06,0.01,0.00,0.20,0.01,0.09,0.00,0.01,0.99,0.15
198,0.00,0.83,0.00,0.02,0.01,0.00,0.03,0.00,0.00,0.99,0.26,0.00,0.00,0.00,0.00,0.44,0.01,0.02,0.04,0.05,0.99,0.01
227,0.00,0.10,0.03,0.08,0.01,0.00,0.37,0.00,0.77,0.85,0.04,0.00,0.00,0.48,0.00,0.17,0.00,0.00,0.32,0.10,1.00,0.55
169,0.00,0.66,0.00,0.10,0.00,0.00,0.27,0.01,0.04,1.00,0.69,0.00,0.00,0.02,0.00,0.13,0.00,0.22,0.01,0.01,1.00,0.10
141,0.00,0.43,0.00,0.71,0.01,0.00,0.01,0.00,0.04,0.81,0.30,0.00,0.00,0.01,0.01,0.45,0.01,0.03,0.01,0.01,0.69,0.08
199,0.00,0.58,0.00,0.51,0.01,0.00,0.24,0.02,0.07,0.25,0.60,0.00,0.00,0.01,0.00,0.24,0.01,0.04,0.06,0.03,0.98,0.10
228,0.00,0.09,0.03,0.12,0.01,0.00,0.25,0.00,0.75,0.87,0.06,0.00,0.00,0.49,0.00,0.19,0.00,0.00,0.38,0.08,1.00,0.45
170,0.00,0.98,0.01,0.05,0.01,0.00,0.27,0.01,0.01,0.96,0.53,0.00,0.00,0.00,0.00,0.25,0.02,0.12,0.00,0.00,1.00,0.03
142,0.00,0.86,0.00,0.66,0.01,0.00,0.05,0.00,0.00,0.77,0.71,0.00,0.00,0.01,0.01,0.77,0.00,0.02,0.01,0.05,0.89,0.04
200,0.00,0.51,0.00,0.28,0.00,0.00,0.01,0.01,0.00,0.85,0.17,0.00,0.00,0.00,0.01,0.29,0.01,0.02,0.35,0.06,0.99,0.03
229,0.00,0.07,0.02,0.08,0.01,0.00,0.17,0.00,0.82,0.93,0.06,0.00,0.00,0.49,0.00,0.26,0.00,0.00,0.30,0.08,1.00,0.41
171,0.00,0.32,0.00,0.24,0.01,0.00,0.02,0.01,0.06,0.90,0.31,0.00,0.00,0.01,0.02,0.66,0.02,0.02,0.01,0.00,0.96,0.08
143,0.00,0.12,0.01,0.21,0.00,0.00,0.53,0.00,0.04,0.70,0.04,0.00,0.00,0.03,0.00,0.16,0.00,0.07,0.79,0.15,1.00,0.04
201,0.00,0.26,0.00,0.53,0.00,0.00,0.02,0.02,0.01,0.39,0.89,0.00,0.00,0.00,0.04,0.39,0.01,0.15,0.16,0.04,0.87,0.16
230,0.00,0.11,0.02,0.18,0.01,0.00,0.07,0.00,0.07,0.65,0.06,0.00,0.00,0.25,0.00,0.59,0.00,0.01,0.12,0.21,0.99,0.06
172,0.00,0.03,0.00,0.79,0.01,0.00,0.03,0.00,0.10,0.68,0.70,0.00,0.00,0.01,0.01,0.47,0.01,0.12,0.02,0.01,0.90,0.05
144,0.00,0.03,0.01,0.38,0.02,0.00,0.99,0.00,0.78,0.18,0.00,0.00,0.00,0.13,0.02,0.12,0.00,0.00,0.01,0.33,1.00,0.80
202,0.00,0.17,0.09,0.05,0.01,0.00,0.11,0.02,0.73,0.98,0.78,0.00,0.00,0.00,0.06,0.04,0.00,0.35,0.01,0.06,1.00,0.18
231,0.00,0.55,0.01,0.35,0.00,0.00,0.69,0.00,0.05,0.46,0.13,0.00,0.00,0.03,0.00,0.17,0.00,0.02,0.09,0.14,0.98,0.11
173,0.00,0.29,0.00,0.12,0.01,0.00,0.01,0.02,0.01,0.32,0.99,0.02,0.00,0.01,0.03,0.58,0.01,0.61,0.04,0.01,0.51,0.06
232,0.00,0.00,0.00,0.92,0.02,0.00,0.60,0.00,0.47,0.15,0.05,0.00,0.00,0.70,0.00,0.15,0.00,0.03,0.04,0.06,1.00,0.55
261,0.00,0.54,0.01,0.54,0.04,0.00,0.02,0.00,0.23,0.73,0.93,0.00,0.00,0.03,0.10,0.68,0.02,0.05,0.00,0.01,0.85,0.34
290,0.00,0.87,0.00,0.40,0.01,0.00,0.05,0.01,0.03,0.84,0.99,0.00,0.00,0.00,0.09,0.10,0.01,0.89,0.04,0.14,0.98,0.13
319,0.00,0.98,0.04,0.05,0.00,0.00,0.81,0.00,0.98,0.98,0.70,0.00,0.00,0.04,0.00,0.12,0.00,0.14,0.01,0.00,1.00,0.98
233,0.00,0.12,0.00,0.60,0.00,0.00,0.05,0.00,0.04,0.17,0.79,0.00,0.00,0.03,0.11,0.44,0.02,0.07,0.00,0.24,0.12,0.09
262,0.00,0.22,0.00,0.86,0.01,0.00,0.03,0.00,0.02,0.49,0.52,0.00,0.00,0.01,0.01,0.79,0.01,0.02,0.01,0.01,0.78,0.15
291,0.00,0.33,0.00,0.54,0.01,0.00,0.01,0.01,0.01,0.46,0.77,0.00,0.00,0.00,0.05,0.27,0.02,0.03,0.10,0.09,0.72,0.05
320,0.00,0.99,0.06,0.04,0.01,0.00,0.76,0.11,0.01,0.51,0.42,0.01,0.00,0.00,0.04,0.04,0.01,0.97,0.03,0.00,1.00,0.17
234,0.00,0.24,0.00,1.00,0.01,0.00,0.13,0.01,0.23,0.54,0.92,0.00,0.00,0.04,0.09,0.35,0.05,0.36,0.00,0.02,0.97,0.11
263,0.00,0.55,0.03,0.55,0.02,0.00,0.05,0.00,0.02,0.68,0.93,0.03,0.00,0.03,0.01,0.73,0.00,0.14,0.00,0.00,0.90,0.11
292,0.00,0.54,0.01,0.12,0.00,0.00,0.10,0.00,1.00,0.43,0.02,0.00,0.00,0.12,0.00,0.19,0.00,0.00,0.12,0.05,1.00,0.92
321,0.00,0.99,0.02,0.05,0.02,0.00,0.49,0.08,0.01,0.35,0.32,0.01,0.00,0.00,0.03,0.11,0.01,0.50,0.02,0.00,0.96,0.08
235,0.00,0.93,0.02,0.16,0.01,0.00,0.32,0.00,0.04,0.22,0.32,0.00,0.00,0.01,0.00,0.64,0.01,0.07,0.01,0.14,0.32,0.02
293,0.00,0.02,0.00,0.05,0.03,0.00,0.13,0.00,0.79,0.24,0.00,0.01,0.00,0.53,0.11,0.08,0.01,0.00,0.17,0.99,1.00,0.16
264,0.00,0.09,0.00,0.35,0.01,0.00,0.04,0.01,0.10,0.16,0.80,0.00,0.00,0.00,0.04,0.45,0.01,0.06,0.01,0.03,0.50,0.14
322,0.00,0.64,0.02,0.22,0.04,0.00,0.98,0.00,1.00,0.69,0.02,0.00,0.00,0.05,0.00,0.07,0.00,0.00,0.00,0.01,1.00,1.00
236,0.00,0.06,0.00,0.61,0.01,0.00,0.01,0.00,0.02,0.06,0.37,0.00,0.00,0.01,0.11,0.49,0.09,0.04,0.01,0.19,0.04,0.10
294,0.00,0.60,0.01,0.03,0.02,0.00,0.08,0.00,0.92,0.82,0.00,0.01,0.00,0.19,0.03,0.08,0.02,0.01,0.03,0.55,1.00,0.53
265,0.00,1.00,0.02,0.76,0.01,0.00,1.00,0.03,0.90,0.29,0.60,0.00,0.00,0.01,0.00,0.04,0.00,0.27,0.01,0.07,1.00,0.66
323,0.00,0.98,0.04,0.01,0.00,0.00,0.79,0.01,0.82,0.68,0.28,0.00,0.00,0.03,0.00,0.03,0.01,0.18,0.01,0.00,1.00,0.77
237,0.00,1.00,0.01,0.59,0.01,0.00,1.00,0.01,0.67,0.04,1.00,0.00,0.00,0.01,0.01,0.08,0.01,0.54,0.00,0.00,0.97,0.72
295,0.00,0.76,0.01,0.07,0.01,0.00,0.04,0.03,0.73,0.94,0.04,0.00,0.00,0.00,0.01,0.04,0.04,0.39,0.26,0.45,1.00,0.80
266,0.00,0.26,0.02,0.05,0.00,0.00,0.75,0.02,0.07,0.96,0.15,0.00,0.00,0.00,0.00,0.03,0.00,0.49,0.77,0.81,1.00,0.05
324,0.00,1.00,0.03,0.01,0.00,0.00,0.99,0.00,0.51,0.53,0.25,0.00,0.00,0.06,0.00,0.03,0.01,0.29,0.02,0.00,1.00,0.63
238,0.00,0.99,0.02,0.63,0.02,0.01,1.00,0.00,0.56,0.02,0.95,0.00,0.00,0.01,0.01,0.09,0.00,0.02,0.00,0.00,0.36,0.49
296,0.00,0.57,0.00,0.35,0.02,0.00,0.09,0.01,0.02,0.48,0.14,0.00,0.00,0.03,0.01,0.45,0.01,0.01,0.08,0.40,0.72,0.07
267,0.00,0.30,0.00,0.17,0.00,0.00,0.02,0.01,0.01,0.64,0.96,0.00,0.00,0.00,0.04,0.22,0.01,0.17,0.08,0.07,0.74,0.03
325,0.00,0.99,0.01,0.02,0.01,0.00,0.98,0.01,0.66,0.37,0.18,0.00,0.00,0.20,0.00,0.02,0.01,0.02,0.01,0.00,1.00,0.77
239,0.00,0.41,0.02,0.85,0.03,0.01,0.96,0.00,0.18,0.09,0.77,0.00,0.00,0.02,0.01,0.10,0.00,0.09,0.00,0.00,0.41,0.41
297,0.00,0.85,0.00,0.11,0.01,0.00,0.16,0.01,0.03,0.55,0.07,0.00,0.00,0.02,0.00,0.28,0.01,0.03,0.13,0.26,0.97,0.05
268,0.00,0.77,0.00,0.96,0.01,0.00,0.13,0.04,0.00,0.24,0.92,0.00,0.00,0.00,0.06,0.19,0.03,0.30,0.01,0.03,0.40,0.07
326,0.00,0.98,0.01,0.01,0.01,0.00,0.47,0.00,0.82,0.91,0.64,0.00,0.00,0.03,0.00,0.09,0.00,0.14,0.00,0.00,1.00,0.66
240,0.00,0.24,0.07,0.35,0.09,0.02,0.89,0.00,0.09,0.54,0.37,0.00,0.06,0.06,0.00,0.10,0.00,0.04,0.00,0.00,0.92,0.32
298,0.00,0.91,0.01,0.41,0.01,0.00,0.11,0.01,0.01,0.34,0.08,0.00,0.00,0.01,0.00,0.42,0.01,0.01,0.04,0.09,0.77,0.05
269,0.00,0.52,0.04,0.58,0.02,0.00,0.79,0.01,0.08,0.22,0.06,0.00,0.00,0.08,0.00,0.50,0.00,0.00,0.34,0.02,0.95,0.08
327,0.00,0.92,0.00,0.01,0.00,0.00,0.08,0.01,0.19,0.99,0.55,0.00,0.00,0.01,0.02,0.28,0.01,0.26,0.01,0.00,1.00,0.14
241,0.00,0.88,0.02,0.95,0.02,0.00,0.96,0.01,0.24,0.25,0.95,0.00,0.00,0.04,0.02,0.31,0.00,0.01,0.01,0.04,1.00,0.68
299,0.00,0.99,0.01,0.66,0.00,0.00,0.29,0.01,0.09,0.63,0.38,0.01,0.00,0.01,0.01,0.26,0.02,0.37,0.01,0.13,1.00,0.08
270,0.00,0.10,0.00,0.52,0.00,0.00,0.23,0.01,0.05,0.54,0.91,0.00,0.00,0.00,0.15,0.07,0.04,0.79,0.00,0.80,0.82,0.02
328,0.00,0.99,0.01,0.01,0.01,0.00,0.09,0.03,0.20,0.97,0.49,0.00,0.00,0.01,0.02,0.24,0.01,0.27,0.00,0.00,1.00,0.19
242,0.00,0.25,0.03,0.79,0.00,0.00,1.00,0.01,0.01,0.94,0.02,0.00,0.00,0.00,0.00,0.03,0.00,0.04,0.01,0.02,1.00,0.33
300,0.00,0.98,0.00,0.12,0.01,0.00,0.02,0.01,0.22,0.97,0.54,0.00,0.00,0.00,0.05,0.21,0.01,0.03,0.03,0.02,1.00,0.24
271,0.00,0.90,0.00,0.72,0.00,0.00,0.26,0.01,0.01,0.27,0.25,0.00,0.00,0.01,0.02,0.07,0.02,0.18,0.01,0.91,0.66,0.01
329,0.00,0.83,0.05,0.01,0.00,0.00,0.40,0.00,0.78,0.94,0.30,0.00,0.00,0.03,0.00,0.47,0.00,0.08,0.00,0.00,1.00,0.72
243,0.00,0.52,0.02,0.35,0.00,0.00,1.00,0.02,0.07,0.96,0.13,0.00,0.00,0.01,0.00,0.05,0.00,0.54,0.03,0.02,1.00,0.23
301,0.00,0.04,0.00,0.02,0.02,0.00,0.03,0.00,0.19,0.98,0.01,0.00,0.00,0.02,0.02,0.17,0.00,0.00,0.25,0.11,1.00,0.39
330,0.00,0.84,0.03,0.03,0.01,0.00,0.58,0.00,0.87,0.95,0.47,0.00,0.00,0.05,0.00,0.24,0.00,0.02,0.01,0.01,1.00,0.81
272,0.00,0.73,0.00,0.36,0.00,0.00,0.12,0.01,0.01,0.60,0.34,0.00,0.00,0.01,0.01,0.10,0.02,0.23,0.04,0.52,0.86,0.01
244,0.00,0.03,0.09,0.95,0.01,0.00,0.02,0.00,0.19,0.90,0.36,0.00,0.06,0.15,0.00,0.68,0.02,0.32,0.00,0.01,0.94,0.09
302,0.00,0.35,0.02,0.02,0.01,0.00,0.97,0.01,0.07,0.20,0.10,0.00,0.00,0.00,0.00,0.15,0.01,0.13,0.92,0.04,0.99,0.08
331,0.00,0.96,0.00,0.52,0.01,0.00,0.96,0.00,0.99,0.41,0.85,0.00,0.00,0.03,0.00,0.03,0.00,0.09,0.00,0.00,1.00,1.00
273,0.00,0.82,0.00,0.62,0.01,0.00,0.21,0.03,0.03,0.75,0.96,0.00,0.00,0.02,0.02,0.12,0.01,0.32,0.01,0.04,0.99,0.06
245,0.00,0.18,0.01,0.75,0.01,0.00,0.06,0.01,0.01,0.56,0.15,0.00,0.00,0.05,0.00,0.89,0.01,0.08,0.01,0.00,0.53,0.03
303,0.00,0.55,0.04,0.07,0.01,0.00,0.78,0.00,0.23,0.89,0.06,0.00,0.00,0.01,0.00,0.19,0.00,0.01,0.02,0.74,1.00,0.11
332,0.00,0.77,0.00,0.43,0.01,0.00,0.71,0.00,0.82,0.52,0.99,0.00,0.00,0.04,0.00,0.03,0.00,0.22,0.00,0.00,1.00,0.99
274,0.00,0.33,0.01,0.99,0.01,0.00,0.02,0.02,0.03,0.38,0.98,0.07,0.07,0.09,0.05,0.06,0.05,0.99,0.01,0.00,0.51,0.11
304,0.00,1.00,0.01,0.01,0.01,0.00,0.48,0.00,0.44,0.90,0.12,0.00,0.00,0.10,0.03,0.04,0.01,0.01,0.00,0.00,1.00,0.30
246,0.00,0.40,0.02,0.43,0.01,0.00,0.16,0.01,0.01,0.75,0.29,0.00,0.00,0.05,0.00,0.91,0.01,0.03,0.03,0.00,0.89,0.03
333,0.00,0.96,0.01,0.86,0.02,0.00,0.53,0.00,1.00,0.33,0.48,0.00,0.00,0.33,0.01,0.08,0.00,0.01,0.01,0.00,1.00,0.99
275,0.00,1.00,0.00,0.97,0.01,0.00,0.14,0.02,0.01,0.03,0.99,0.01,0.00,0.00,0.10,0.13,0.03,0.75,0.00,0.01,0.05,0.22
305,0.00,0.84,0.10,0.03,0.01,0.01,1.00,0.00,0.99,0.26,0.09,0.00,0.00,0.13,0.00,0.04,0.00,0.02,0.00,0.00,1.00,0.50
247,0.00,0.13,0.00,0.09,0.01,0.00,0.06,0.01,0.01,0.86,0.30,0.00,0.00,0.01,0.00,0.89,0.01,0.12,0.19,0.01,0.98,0.01
334,0.00,0.94,0.03,0.50,0.01,0.00,0.27,0.00,0.98,0.88,0.82,0.00,0.00,0.05,0.00,0.52,0.00,0.07,0.00,0.01,1.00,0.43
276,0.00,0.98,0.01,0.87,0.04,0.00,0.16,0.01,0.05,0.10,0.71,0.00,0.00,0.02,0.17,0.24,0.00,0.07,0.00,0.01,0.93,0.32
306,0.00,0.72,0.01,0.24,0.04,0.00,0.88,0.00,1.00,0.43,0.02,0.00,0.00,0.19,0.00,0.07,0.00,0.00,0.03,0.01,1.00,0.81
248,0.00,0.09,0.00,0.06,0.01,0.00,0.09,0.01,0.01,0.90,0.48,0.00,0.00,0.01,0.00,0.76,0.00,0.13,0.58,0.01,0.99,0.02
335,0.00,0.70,0.06,0.11,0.00,0.00,0.62,0.00,0.12,0.27,0.31,0.00,0.00,0.15,0.00,0.46,0.00,0.02,0.15,0.45,0.98,0.02
277,0.00,0.89,0.00,0.88,0.02,0.00,0.18,0.00,0.05,0.12,0.95,0.00,0.00,0.02,0.01,0.53,0.00,0.22,0.00,0.01,0.99,0.42
307,0.00,0.99,0.01,0.01,0.01,0.00,0.24,0.04,0.06,1.00,0.98,0.00,0.00,0.00,0.01,0.11,0.01,0.72,0.02,0.00,1.00,0.68
249,0.00,0.28,0.01,0.06,0.01,0.00,0.34,0.00,0.09,0.96,0.53,0.00,0.00,0.01,0.00,0.63,0.00,0.21,0.04,0.01,1.00,0.04
336,0.00,0.47,0.01,0.01,0.00,0.00,0.39,0.05,0.06,0.92,0.26,0.00,0.00,0.04,0.00,0.17,0.00,0.40,0.04,0.04,1.00,0.06
278,0.00,0.50,0.01,0.88,0.02,0.00,0.19,0.00,0.02,0.33,0.37,0.00,0.00,0.02,0.00,0.77,0.00,0.03,0.01,0.01,0.98,0.15
308,0.00,0.99,0.01,0.00,0.00,0.00,0.35,0.02,0.21,0.99,0.48,0.00,0.00,0.00,0.01,0.03,0.01,0.59,0.03,0.00,1.00,0.34
250,0.00,0.09,0.01,0.68,0.06,0.00,0.19,0.00,0.08,0.10,0.09,0.00,0.00,0.15,0.00,0.38,0.00,0.00,0.58,0.03,0.54,0.17
337,0.00,0.58,0.01,0.02,0.00,0.00,0.05,0.01,0.07,0.99,0.77,0.00,0.00,0.01,0.01,0.41,0.00,0.28,0.01,0.01,1.00,0.13
279,0.00,0.45,0.01,0.96,0.02,0.00,0.20,0.00,0.01,0.21,0.72,0.00,0.00,0.02,0.00,0.80,0.00,0.06,0.01,0.01,0.82,0.12
309,0.00,0.98,0.01,0.01,0.00,0.00,0.20,0.02,0.28,1.00,0.43,0.00,0.00,0.00,0.02,0.04,0.01,0.50,0.04,0.00,1.00,0.34
338,0.00,0.48,0.00,0.07,0.00,0.00,0.05,0.01,0.04,0.99,0.46,0.00,0.00,0.00,0.00,0.66,0.01,0.22,0.01,0.01,1.00,0.07
251,0.00,0.30,0.02,0.43,0.02,0.00,0.55,0.00,0.05,0.10,0.06,0.00,0.00,0.16,0.00,0.28,0.00,0.00,0.96,0.02,0.81,0.15
280,0.00,0.79,0.01,0.51,0.00,0.00,0.25,0.01,0.01,0.58,0.46,0.00,0.00,0.05,0.00,0.29,0.00,0.01,0.04,0.02,0.96,0.04
310,0.00,0.97,0.03,0.01,0.01,0.00,0.52,0.06,0.14,0.95,0.82,0.00,0.00,0.01,0.01,0.04,0.01,0.90,0.02,0.00,1.00,0.76
339,0.00,0.54,0.00,0.15,0.00,0.00,0.29,0.03,0.03,0.75,0.94,0.00,0.00,0.01,0.01,0.19,0.01,0.09,0.05,0.01,1.00,0.26
252,0.00,0.09,0.03,0.17,0.02,0.00,0.38,0.00,0.06,0.18,0.03,0.00,0.00,0.24,0.00,0.28,0.00,0.00,0.94,0.03,0.94,0.10
281,0.00,0.50,0.00,0.30,0.00,0.00,0.08,0.01,0.01,0.94,0.51,0.00,0.00,0.03,0.00,0.50,0.01,0.11,0.08,0.01,0.99,0.03
311,0.00,0.90,0.02,0.01,0.01,0.00,0.59,0.06,0.09,0.94,0.84,0.00,0.00,0.00,0.01,0.06,0.01,0.91,0.02,0.00,1.00,0.64
340,0.00,0.99,0.06,0.18,0.00,0.00,1.00,0.01,0.57,0.66,0.40,0.00,0.00,0.01,0.00,0.04,0.00,0.32,0.01,0.00,1.00,0.93
253,0.00,0.05,0.03,0.17,0.06,0.00,0.20,0.00,0.09,0.12,0.01,0.00,0.00,0.45,0.00,0.19,0.00,0.00,0.97,0.06,0.71,0.07
282,0.00,0.81,0.00,0.09,0.02,0.00,0.05,0.03,0.02,0.63,0.61,0.00,0.00,0.03,0.02,0.55,0.02,0.16,0.06,0.00,0.95,0.08
312,0.00,0.91,0.01,0.02,0.01,0.00,0.23,0.03,0.13,0.95,0.22,0.00,0.00,0.01,0.02,0.16,0.01,0.06,0.01,0.01,1.00,0.28
341,0.00,0.80,0.01,0.33,0.00,0.00,0.30,0.04,0.05,0.85,0.04,0.00,0.00,0.00,0.01,0.20,0.01,0.27,0.01,0.18,1.00,0.09
254,0.00,0.08,0.03,0.05,0.06,0.00,0.12,0.00,0.15,0.08,0.02,0.00,0.00,0.23,0.00,0.45,0.00,0.00,0.99,0.08,0.36,0.03
283,0.00,0.10,0.00,0.97,0.00,0.00,0.03,0.00,0.10,0.95,0.95,0.01,0.00,0.01,0.03,0.41,0.01,0.23,0.02,0.01,1.00,0.03
313,0.00,0.08,0.00,0.08,0.01,0.00,0.31,0.01,0.08,0.55,0.21,0.00,0.00,0.10,0.02,0.24,0.00,0.00,0.02,0.06,1.00,0.25
342,0.00,0.80,0.00,0.96,0.01,0.00,0.20,0.02,0.00,0.15,0.95,0.00,0.00,0.00,0.01,0.34,0.03,0.46,0.00,0.01,0.05,0.02
255,0.00,0.11,0.03,0.11,0.07,0.00,0.23,0.00,0.19,0.04,0.03,0.00,0.00,0.13,0.00,0.81,0.00,0.00,0.84,0.07,0.23,0.03
284,0.00,0.25,0.00,0.62,0.01,0.00,0.03,0.00,0.02,0.80,0.76,0.00,0.00,0.01,0.02,0.90,0.00,0.02,0.01,0.02,0.94,0.07
314,0.00,0.93,0.84,0.02,0.01,0.01,1.00,0.05,0.02,0.23,0.23,0.01,0.00,0.01,0.00,0.01,0.00,0.92,0.01,0.00,1.00,0.58
343,0.00,0.35,0.01,1.00,0.01,0.00,0.06,0.01,0.01,0.07,0.78,0.00,0.00,0.01,0.20,0.26,0.05,0.76,0.00,0.01,0.00,0.06
256,0.00,0.46,0.01,0.86,0.02,0.00,0.58,0.00,0.07,0.19,0.49,0.00,0.00,0.03,0.00,0.69,0.00,0.00,0.30,0.03,0.55,0.06
285,0.00,0.30,0.00,0.51,0.01,0.00,0.03,0.00,0.01,0.85,0.50,0.00,0.00,0.01,0.01,0.91,0.00,0.01,0.01,0.03,0.94,0.03
315,0.00,0.58,0.61,0.22,0.03,0.00,1.00,0.01,0.02,0.22,0.04,0.01,0.00,0.03,0.00,0.02,0.00,0.29,0.00,0.00,1.00,0.54
344,0.00,0.43,0.02,0.99,0.01,0.00,0.13,0.01,0.19,0.03,0.08,0.01,0.00,0.01,0.15,0.46,0.06,0.03,0.00,0.01,0.63,0.60
257,0.00,0.32,0.05,0.44,0.00,0.00,0.27,0.05,0.04,0.49,0.03,0.00,0.00,0.00,0.02,0.08,0.04,0.09,0.41,0.76,1.00,0.10
286,0.00,0.26,0.01,0.57,0.01,0.00,0.02,0.00,0.01,0.92,0.59,0.00,0.00,0.01,0.01,0.89,0.00,0.02,0.01,0.02,0.95,0.03
316,0.00,0.86,0.18,0.06,0.02,0.00,1.00,0.01,0.04,0.46,0.10,0.00,0.00,0.02,0.00,0.09,0.00,0.71,0.00,0.00,1.00,0.78
345,0.00,0.25,0.00,0.22,0.00,0.00,0.07,0.02,0.17,0.22,0.02,0.00,0.00,0.03,0.08,0.18,0.03,0.01,0.01,1.00,0.26,0.29
258,0.00,0.60,0.00,0.07,0.00,0.00,0.04,0.01,0.08,0.52,0.07,0.01,0.00,0.01,0.01,0.41,0.01,0.30,0.17,0.05,0.96,0.13
287,0.00,0.39,0.02,0.96,0.01,0.00,0.38,0.00,0.02,0.16,0.63,0.00,0.00,0.04,0.01,0.72,0.00,0.26,0.00,0.01,0.22,0.12
317,0.00,0.69,0.05,0.08,0.00,0.00,0.75,0.00,0.22,0.90,0.60,0.00,0.00,0.03,0.00,0.65,0.00,0.40,0.00,0.00,1.00,0.22
346,0.00,0.92,0.00,0.94,0.00,0.00,0.15,0.08,0.00,0.32,0.99,0.00,0.00,0.01,0.01,0.31,0.03,0.78,0.03,0.00,0.71,0.18
259,0.00,1.00,0.01,0.06,0.00,0.00,0.56,0.01,0.18,0.88,0.18,0.00,0.00,0.00,0.00,0.05,0.01,0.98,0.69,0.17,1.00,0.06
288,0.00,1.00,0.06,0.13,0.01,0.00,0.99,0.01,0.07,0.65,0.92,0.00,0.00,0.01,0.00,0.08,0.00,0.67,0.04,0.00,1.00,0.10
318,0.00,0.67,0.04,0.06,0.00,0.00,0.98,0.00,0.62,0.98,0.30,0.00,0.00,0.01,0.00,0.06,0.00,0.77,0.02,0.01,1.00,0.68
347,0.00,0.95,0.00,0.73,0.01,0.00,0.16,0.05,0.01,0.59,0.89,0.00,0.00,0.01,0.02,0.45,0.01,0.23,0.01,0.01,0.84,0.16
260,0.00,0.32,0.01,0.25,0.01,0.00,0.02,0.00,0.28,0.84,0.94,0.01,0.00,0.01,0.19,0.33,0.02,0.56,0.00,0.03,0.98,0.14
289,0.00,0.91,0.00,0.09,0.01,0.00,0.07,0.01,0.02,0.86,0.97,0.00,0.00,0.00,0.03,0.10,0.01,0.98,0.05,0.05,0.99,0.08
348,0.00,1.00,0.01,0.94,0.00,0.00,0.27,0.03,0.02,0.51,0.63,0.00,0.00,0.01,0.00,0.48,0.01,0.04,0.01,0.01,0.24,0.17
377,0.00,1.00,0.01,0.71,0.01,0.00,0.97,0.01,0.04,0.07,0.99,0.00,0.00,0.04,0.00,0.07,0.01,0.37,0.03,0.02,0.21,0.06
406,0.00,0.73,0.02,0.24,0.01,0.00,0.66,0.01,0.13,0.62,0.09,0.00,0.00,0.02,0.01,0.36,0.00,0.02,0.00,0.01,0.97,0.21
435,0.00,0.01,0.01,0.35,0.01,0.00,0.03,0.00,0.00,0.30,0.00,0.01,0.06,0.03,0.00,0.48,0.00,0.00,0.99,0.20,0.33,0.00
349,0.00,0.44,0.00,0.24,0.01,0.00,0.11,0.01,0.01,0.15,0.50,0.00,0.00,0.01,0.01,0.41,0.05,0.10,0.02,0.05,0.42,0.09
378,0.00,0.65,0.00,0.81,0.01,0.00,0.25,0.01,0.03,0.42,0.97,0.00,0.00,0.00,0.00,0.12,0.06,0.66,0.50,0.02,0.80,0.01
407,0.00,0.20,0.00,0.36,0.04,0.00,0.05,0.00,0.02,0.42,0.08,0.00,0.00,0.02,0.02,0.97,0.00,0.00,0.00,0.01,0.32,0.07
436,0.00,0.03,0.00,0.16,0.00,0.00,0.06,0.00,0.00,0.62,0.02,0.00,0.06,0.01,0.00,0.21,0.00,0.00,0.87,0.39,0.73,0.00
350,0.00,0.12,0.00,1.00,0.01,0.00,0.06,0.00,0.00,0.78,0.98,0.01,0.06,0.04,0.00,0.56,0.00,0.39,0.02,0.00,0.67,0.03
379,0.00,0.52,0.00,0.65,0.00,0.00,0.26,0.01,0.01,0.20,0.75,0.01,0.00,0.01,0.00,0.07,0.02,0.34,0.93,0.01,0.15,0.01
408,0.00,0.40,0.00,0.06,0.02,0.00,0.06,0.00,0.05,0.49,0.03,0.00,0.00,0.02,0.01,0.90,0.00,0.00,0.01,0.04,0.59,0.10
437,0.00,0.06,0.00,0.30,0.01,0.00,0.07,0.00,0.00,0.93,0.06,0.00,0.00,0.00,0.00,0.29,0.00,0.00,0.04,0.18,0.98,0.00
351,0.00,0.69,0.01,0.78,0.03,0.00,0.16,0.01,0.00,0.49,0.21,0.00,0.00,0.01,0.00,0.59,0.00,0.03,0.01,0.00,0.89,0.04
380,0.00,0.73,0.01,0.77,0.00,0.00,0.33,0.01,0.00,0.55,0.53,0.01,0.06,0.00,0.00,0.07,0.01,0.21,0.32,0.09,0.46,0.01
409,0.00,0.21,0.01,0.42,0.06,0.00,0.01,0.01,0.18,0.32,0.04,0.00,0.00,0.03,0.04,0.96,0.00,0.00,0.00,0.00,0.31,0.28
438,0.00,0.01,0.01,0.93,0.04,0.00,0.01,0.00,0.01,0.92,0.16,0.01,0.20,0.03,0.00,0.66,0.00,0.01,0.00,0.01,0.97,0.04
352,0.00,0.72,0.01,0.30,0.02,0.00,0.05,0.01,0.01,0.62,0.51,0.00,0.00,0.02,0.01,0.82,0.01,0.06,0.00,0.00,0.84,0.05
381,0.00,0.58,0.00,0.13,0.00,0.00,0.28,0.01,0.00,0.78,0.28,0.01,0.05,0.00,0.00,0.13,0.01,0.05,0.86,0.18,0.93,0.02
410,0.00,0.47,0.01,0.26,0.04,0.00,0.20,0.01,0.17,0.45,0.06,0.00,0.00,0.03,0.01,0.95,0.00,0.00,0.00,0.00,0.76,0.15
439,0.00,0.04,0.01,0.94,0.03,0.00,0.02,0.00,0.04,0.96,0.38,0.01,0.17,0.04,0.00,0.75,0.00,0.02,0.00,0.02,0.98,0.10
353,0.00,0.58,0.10,1.00,0.01,0.00,0.85,0.00,0.00,0.98,0.66,0.03,0.35,0.02,0.00,0.08,0.00,0.14,0.00,0.01,0.99,0.02
382,0.00,0.40,0.00,0.02,0.00,0.00,0.01,0.00,0.01,0.87,0.01,0.00,0.00,0.01,0.01,0.15,0.00,0.01,0.13,1.00,0.99,0.01
411,0.00,0.44,0.00,0.31,0.01,0.00,0.01,0.01,0.01,0.26,0.12,0.00,0.00,0.00,0.02,0.63,0.01,0.00,0.02,0.13,0.51,0.03
440,0.00,0.02,0.04,0.97,0.02,0.00,0.01,0.00,0.31,0.92,0.27,0.02,0.00,0.01,0.01,0.45,0.00,0.01,0.00,0.10,1.00,0.27
354,0.00,0.12,0.01,1.00,0.01,0.00,0.02,0.00,0.00,0.53,1.00,0.06,0.00,0.00,0.07,0.35,0.01,0.32,0.00,0.01,0.25,0.08
383,0.00,0.98,0.00,0.01,0.00,0.00,0.11,0.01,0.03,0.99,0.01,0.00,0.00,0.01,0.00,0.06,0.01,0.02,0.26,0.38,1.00,0.02
412,0.00,0.56,0.00,0.61,0.01,0.00,0.14,0.01,0.01,0.45,0.44,0.00,0.00,0.00,0.00,0.47,0.01,0.01,0.01,0.06,0.91,0.02
441,0.00,0.61,0.02,0.96,0.02,0.00,0.48,0.01,0.01,0.96,0.53,0.01,0.00,0.01,0.00,0.13,0.00,0.19,0.00,0.02,0.88,0.03
355,0.00,0.96,0.01,0.83,0.00,0.00,0.95,0.01,0.01,0.59,0.03,0.00,0.00,0.00,0.00,0.16,0.00,0.01,0.03,0.14,1.00,0.02
384,0.00,0.86,0.02,1.00,0.01,0.00,0.99,0.01,0.11,0.04,0.89,0.00,0.00,0.02,0.02,0.19,0.01,0.20,0.00,0.02,0.11,0.42
413,0.00,0.27,0.00,0.29,0.01,0.00,0.05,0.01,0.01,0.33,0.25,0.00,0.00,0.01,0.01,0.55,0.00,0.00,0.02,0.30,0.49,0.02
442,0.00,0.57,0.02,0.93,0.02,0.00,0.46,0.01,0.01,0.96,0.59,0.01,0.00,0.01,0.00,0.16,0.00,0.22,0.01,0.02,0.86,0.02
385,0.00,0.14,0.01,0.99,0.01,0.00,0.06,0.01,0.25,0.28,0.65,0.00,0.00,0.07,0.02,0.21,0.00,0.34,0.12,0.86,0.47,0.06
356,0.00,0.98,0.08,1.00,0.02,0.00,0.62,0.00,0.00,0.96,0.22,0.02,0.40,0.01,0.00,0.09,0.00,0.32,0.00,0.00,1.00,0.03
414,0.00,0.34,0.00,0.86,0.01,0.00,0.67,0.01,0.03,0.36,0.49,0.00,0.00,0.01,0.00,0.53,0.00,0.00,0.02,0.18,0.83,0.03
443,0.00,0.58,0.02,0.93,0.02,0.00,0.46,0.01,0.01,0.96,0.60,0.01,0.00,0.01,0.00,0.15,0.00,0.22,0.01,0.02,0.86,0.02
386,0.00,0.80,0.00,0.08,0.00,0.00,0.30,0.02,0.00,0.97,0.50,0.27,0.00,0.00,0.00,0.05,0.01,0.78,0.13,0.06,0.97,0.01
357,0.00,0.86,0.08,0.79,0.03,0.00,0.40,0.00,0.00,0.97,0.25,0.12,0.71,0.01,0.00,0.06,0.01,0.44,0.00,0.00,1.00,0.02
415,0.00,0.42,0.00,0.84,0.00,0.00,0.61,0.00,0.11,0.31,0.99,0.00,0.00,0.04,0.00,0.60,0.00,0.01,0.00,0.04,0.85,0.13
444,0.00,0.58,0.02,0.93,0.02,0.00,0.46,0.01,0.01,0.96,0.59,0.01,0.00,0.01,0.00,0.15,0.00,0.22,0.01,0.02,0.87,0.02
387,0.00,1.00,0.03,0.37,0.01,0.00,1.00,0.01,0.13,0.05,0.30,0.00,0.00,0.07,0.00,0.07,0.01,0.37,0.01,0.03,0.62,0.13
358,0.00,0.62,0.47,0.99,0.19,0.00,0.62,0.00,0.01,0.97,0.07,0.02,0.38,0.02,0.00,0.06,0.00,0.03,0.00,0.03,1.00,0.02
416,0.00,0.48,0.01,0.91,0.01,0.00,0.87,0.00,0.06,0.19,0.30,0.00,0.00,0.02,0.00,0.65,0.00,0.00,0.03,0.09,0.93,0.09
445,0.00,0.60,0.02,0.93,0.02,0.00,0.46,0.01,0.01,0.96,0.61,0.01,0.00,0.01,0.00,0.16,0.00,0.22,0.01,0.02,0.87,0.02
446,0.00,0.00,0.00,0.00,0.02,0.00,0.22,0.00,0.02,0.00,0.00,0.00,0.05,0.48,0.95,0.01,0.38,0.00,0.18,0.06,0.00,0.01
388,0.00,0.56,0.03,0.15,0.02,0.00,0.47,0.02,0.56,0.27,0.59,0.00,0.00,0.11,0.00,0.18,0.01,0.23,0.01,0.03,0.80,0.08
359,0.00,0.98,0.30,1.00,0.04,0.00,0.98,0.00,0.01,0.96,0.11,0.00,0.53,0.02,0.00,0.14,0.00,0.05,0.00,0.01,0.99,0.02
417,0.00,0.27,0.01,0.90,0.01,0.00,0.10,0.00,0.96,0.78,0.88,0.00,0.00,0.00,0.00,0.33,0.01,0.36,0.00,0.02,1.00,0.82
447,0.00,0.01,0.00,0.11,0.01,0.00,0.03,0.00,0.08,0.03,0.00,0.00,0.06,0.67,0.12,0.06,0.03,0.00,0.02,0.39,0.16,0.05
389,0.00,0.54,0.02,0.03,0.01,0.00,0.85,0.00,0.12,0.17,0.18,0.00,0.00,0.01,0.00,0.51,0.00,0.04,0.28,0.69,0.74,0.01
360,0.00,0.87,0.16,1.00,0.04,0.00,0.92,0.01,0.02,0.59,0.05,0.00,0.89,0.02,0.00,0.15,0.00,0.03,0.00,0.04,0.30,0.03
418,0.00,0.12,0.04,0.16,0.03,0.00,0.08,0.00,0.02,0.85,0.13,0.00,0.21,0.50,0.00,0.52,0.00,0.04,0.00,0.01,0.90,0.07
448,0.00,0.00,0.00,0.00,0.01,0.00,0.30,0.00,0.02,0.00,0.00,0.00,0.00,0.65,0.93,0.01,0.17,0.00,0.20,0.05,0.00,0.01
361,0.00,0.95,0.29,1.00,0.09,0.00,0.70,0.01,0.01,0.60,0.06,0.00,0.64,0.04,0.00,0.17,0.00,0.05,0.00,0.01,0.32,0.03
390,0.00,0.99,0.06,0.09,0.01,0.00,1.00,0.01,0.04,0.28,0.26,0.00,0.13,0.00,0.00,0.09,0.00,0.09,0.02,0.01,0.99,0.12
419,0.00,0.51,0.02,0.96,0.04,0.00,0.41,0.00,0.04,0.34,0.60,0.00,0.25,0.93,0.00,0.17,0.00,0.37,0.00,0.00,0.27,0.06
449,0.00,0.00,0.00,0.00,0.02,0.00,0.22,0.00,0.02,0.00,0.00,0.00,0.05,0.48,0.95,0.01,0.38,0.00,0.18,0.06,0.00,0.01
362,0.00,0.99,0.31,1.00,0.02,0.00,1.00,0.00,0.01,0.20,0.99,0.00,0.00,0.01,0.00,0.21,0.00,0.14,0.00,0.01,0.84,0.24
391,0.00,0.95,0.04,0.57,0.01,0.00,1.00,0.00,0.04,0.31,0.10,0.00,0.12,0.00,0.00,0.17,0.00,0.01,0.04,0.01,1.00,0.07
420,0.00,0.23,0.01,0.85,0.05,0.00,0.04,0.00,0.02,0.31,0.82,0.00,0.07,0.28,0.00,0.94,0.00,0.06,0.00,0.01,0.10,0.09
363,0.00,0.98,0.25,1.00,0.02,0.00,1.00,0.00,0.00,0.04,0.94,0.00,0.06,0.11,0.00,0.12,0.00,0.06,0.00,0.01,0.15,0.07
392,0.00,0.61,0.29,0.91,0.03,0.00,1.00,0.00,0.04,0.28,0.01,0.00,0.27,0.01,0.00,0.23,0.00,0.00,0.01,0.02,0.98,0.16
421,0.00,0.21,0.00,0.92,0.04,0.00,0.03,0.00,0.01,0.22,0.18,0.00,0.00,0.02,0.07,0.98,0.01,0.01,0.00,0.01,0.04,0.06
364,0.00,0.14,0.01,1.00,0.01,0.00,0.24,0.02,0.01,0.16,0.72,0.00,0.00,0.02,0.01,0.58,0.01,0.11,0.01,0.01,0.12,0.09
393,0.00,0.05,0.36,0.19,0.10,0.00,1.00,0.00,0.09,0.13,0.01,0.00,0.93,0.05,0.00,0.12,0.00,0.00,0.01,0.02,0.82,0.06
422,0.00,0.50,0.01,0.99,0.01,0.00,0.05,0.05,0.11,0.56,0.06,0.00,0.00,0.01,0.00,0.34,0.02,0.04,0.03,0.07,0.61,0.17
365,0.00,0.03,0.01,1.00,0.02,0.00,0.04,0.00,0.01,0.23,0.87,0.01,0.00,0.03,0.02,0.77,0.01,0.28,0.00,0.02,0.33,0.18
394,0.00,0.08,0.28,0.25,0.02,0.00,0.43,0.00,0.01,0.94,0.01,0.00,0.86,0.02,0.00,0.15,0.00,0.00,0.00,0.03,0.98,0.01
423,0.00,0.86,0.02,1.00,0.00,0.00,0.96,0.01,0.01,0.90,0.16,0.00,0.00,0.03,0.00,0.16,0.00,0.01,0.03,0.08,1.00,0.14
366,0.00,0.03,0.02,1.00,0.10,0.00,0.09,0.00,0.00,0.73,0.41,0.00,0.13,0.06,0.01,0.44,0.00,0.28,0.00,0.00,0.88,0.04
395,0.00,0.57,0.38,0.11,0.01,0.01,0.40,0.00,0.00,0.97,0.02,0.02,0.68,0.01,0.00,0.04,0.01,0.08,0.00,0.01,1.00,0.01
424,0.00,0.02,0.00,0.85,0.02,0.00,0.03,0.00,0.01,0.28,0.03,0.00,0.09,0.02,0.02,0.57,0.00,0.00,0.05,0.13,0.47,0.02
367,0.00,0.67,0.25,1.00,0.03,0.01,0.74,0.00,0.01,0.92,0.13,0.05,0.80,0.05,0.00,0.03,0.00,0.13,0.00,0.00,0.68,0.01
396,0.00,0.03,0.27,0.27,0.02,0.00,0.24,0.00,0.01,0.96,0.02,0.02,0.24,0.06,0.00,0.14,0.00,0.07,0.00,0.25,1.00,0.01
425,0.00,0.01,0.00,0.78,0.02,0.00,0.01,0.00,0.01,0.19,0.03,0.00,0.06,0.02,0.02,0.92,0.00,0.00,0.03,0.03,0.18,0.02
368,0.00,0.71,0.59,1.00,0.01,0.01,0.99,0.00,0.01,0.46,0.44,0.02,0.54,0.01,0.00,0.08,0.00,0.71,0.00,0.00,0.14,0.04
397,0.00,0.42,0.32,0.91,0.02,0.01,0.88,0.00,0.00,0.97,0.16,0.01,0.75,0.04,0.00,0.07,0.00,0.66,0.00,0.00,0.99,0.01
426,0.00,0.06,0.00,0.89,0.02,0.00,0.02,0.00,0.01,0.18,0.11,0.00,0.00,0.02,0.01,0.93,0.00,0.00,0.03,0.01,0.18,0.02
369,0.00,0.79,0.12,0.89,0.01,0.01,0.39,0.00,0.00,0.55,0.81,0.37,0.47,0.00,0.00,0.03,0.01,0.81,0.00,0.00,0.16,0.01
398,0.00,0.03,0.05,0.46,0.05,0.00,0.05,0.00,0.01,0.57,0.16,0.01,0.12,0.58,0.00,0.65,0.00,0.32,0.00,0.03,0.78,0.01
427,0.00,0.06,0.36,0.87,0.08,0.00,0.85,0.00,0.02,0.67,0.20,0.00,0.80,0.59,0.00,0.10,0.00,0.47,0.00,0.00,0.93,0.07
370,0.00,0.57,0.09,1.00,0.01,0.00,1.00,0.16,0.02,0.06,0.95,0.00,0.00,0.00,0.00,0.10,0.00,0.94,0.01,0.00,0.90,0.34
399,0.00,0.99,0.03,0.99,0.01,0.00,1.00,0.07,0.09,0.15,0.34,0.00,0.00,0.00,0.01,0.10,0.01,0.21,0.00,0.01,0.99,0.42
428,0.00,0.00,0.06,0.72,0.09,0.00,0.12,0.00,0.01,0.88,0.16,0.00,0.93,0.22,0.00,0.14,0.00,0.18,0.02,0.00,0.74,0.02
371,0.00,0.36,0.01,1.00,0.01,0.00,0.95,0.10,0.02,0.12,0.67,0.00,0.00,0.00,0.01,0.28,0.01,0.92,0.00,0.02,0.33,0.05
400,0.00,0.98,0.03,1.00,0.00,0.00,1.00,0.01,0.27,0.27,0.50,0.00,0.00,0.00,0.00,0.12,0.00,0.70,0.00,0.01,1.00,0.70
429,0.00,0.01,0.09,0.97,0.18,0.00,0.05,0.00,0.01,0.41,0.13,0.00,0.42,0.62,0.00,0.23,0.00,0.46,0.06,0.00,0.26,0.03
372,0.00,0.99,0.02,0.84,0.03,0.00,0.32,0.01,0.99,0.25,0.02,0.00,0.00,0.64,0.12,0.04,0.01,0.00,0.05,0.00,1.00,0.99
401,0.00,0.92,0.02,0.99,0.00,0.00,0.98,0.01,0.07,0.56,0.39,0.00,0.00,0.00,0.00,0.19,0.00,0.31,0.02,0.02,1.00,0.11
430,0.00,0.05,0.45,0.81,0.03,0.01,0.81,0.00,0.01,0.99,0.28,0.00,0.65,0.15,0.00,0.11,0.00,0.52,0.00,0.00,1.00,0.05
373,0.00,1.00,0.02,0.56,0.05,0.00,0.63,0.01,0.93,0.15,0.12,0.00,0.00,0.71,0.05,0.05,0.00,0.00,0.03,0.00,1.00,0.92
402,0.00,0.06,0.08,0.39,0.01,0.00,0.16,0.00,0.12,0.79,0.24,0.00,0.00,0.06,0.00,0.47,0.00,0.10,0.00,0.01,0.99,0.24
431,0.00,0.11,0.00,1.00,0.02,0.00,0.04,0.00,0.01,0.32,0.86,0.00,0.09,0.24,0.01,0.46,0.00,0.17,0.00,0.02,0.23,0.11
374,0.00,0.28,0.01,0.09,0.04,0.00,0.02,0.00,0.07,0.08,0.21,0.02,0.00,0.94,0.01,0.93,0.00,0.04,0.00,0.04,0.25,0.05
432,0.00,0.08,0.00,1.00,0.03,0.00,0.03,0.00,0.00,0.42,0.82,0.00,0.28,0.14,0.02,0.58,0.01,0.15,0.00,0.01,0.25,0.02
403,0.00,0.14,0.07,0.18,0.01,0.00,0.07,0.00,0.11,0.97,0.52,0.00,0.10,0.04,0.00,0.50,0.00,0.39,0.00,0.00,0.99,0.14
375,0.00,0.29,0.00,0.05,0.01,0.00,0.03,0.01,0.12,0.33,0.93,0.01,0.00,0.01,0.02,0.50,0.00,0.83,0.01,0.00,0.64,0.07
404,0.00,0.06,0.08,0.69,0.01,0.00,0.57,0.01,0.23,0.89,0.28,0.00,0.00,0.03,0.00,0.16,0.00,0.11,0.00,0.01,1.00,0.13
433,0.00,0.02,0.02,0.94,0.05,0.00,0.09,0.00,0.03,0.43,0.11,0.00,0.06,0.16,0.00,0.97,0.00,0.04,0.01,0.01,0.53,0.08
376,0.00,0.70,0.00,0.02,0.01,0.00,0.01,0.01,0.02,0.36,0.99,0.01,0.00,0.00,0.12,0.41,0.00,0.74,0.01,0.02,0.41,0.06
405,0.00,0.28,0.11,0.43,0.01,0.00,0.97,0.01,0.20,0.80,0.44,0.00,0.00,0.05,0.00,0.18,0.00,0.51,0.00,0.01,1.00,0.29
434,0.00,0.08,0.02,0.46,0.01,0.00,0.03,0.00,0.07,0.73,0.23,0.00,0.00,0.03,0.00,0.96,0.00,0.00,0.02,0.02,0.99,0.06
