0,0.00,0.00,0.00,0.00,0.02,0.00,0.22,0.00,0.02,0.00,0.00,0.00,0.05,0.48,0.95,0.01,0.38,0.00,0.18,0.06,0.00,0.01
58,0.00,0.26,0.03,0.78,0.01,0.00,0.74,0.00,0.11,0.07,0.14,0.00,0.00,0.27,0.00,0.33,0.01,0.01,0.17,0.07,0.30,0.05
87,0.00,0.97,0.01,0.18,0.01,0.00,1.00,0.00,0.73,0.14,0.08,0.00,0.00,0.04,0.00,0.05,0.00,0.09,0.01,0.01,1.00,0.98
29,0.00,0.08,0.01,0.98,0.06,0.00,0.11,0.00,0.01,0.22,0.93,0.00,0.07,0.10,0.00,0.60,0.00,0.12,0.02,0.02,0.17,0.04
1,0.00,0.00,0.00,0.00,0.02,0.00,0.22,0.00,0.02,0.00,0.00,0.00,0.05,0.48,0.95,0.01,0.38,0.00,0.18,0.06,0.00,0.01
59,0.00,0.27,0.02,0.63,0.01,0.00,0.99,0.01,0.15,0.03,0.07,0.00,0.00,0.03,0.00,0.29,0.00,0.01,0.01,0.07,0.32,0.39
88,0.00,0.86,0.01,0.12,0.01,0.00,1.00,0.00,0.79,0.27,0.04,0.00,0.00,0.08,0.00,0.04,0.00,0.03,0.01,0.10,1.00,0.96
30,0.00,0.06,0.01,0.77,0.06,0.00,0.33,0.00,0.04,0.25,0.04,0.00,0.00,0.04,0.00,0.84,0.00,0.00,0.07,0.01,0.84,0.10
2,0.00,0.04,0.00,0.99,0.09,0.00,0.59,0.00,1.00,0.03,0.23,0.00,0.00,0.04,0.02,0.04,0.00,0.04,0.01,0.01,0.96,0.99
60,0.00,1.00,0.03,0.17,0.05,0.00,1.00,0.02,0.97,0.02,0.37,0.00,0.00,0.02,0.01,0.01,0.00,0.95,0.00,0.00,1.00,0.84
89,0.00,0.71,0.01,0.08,0.01,0.00,1.00,0.01,0.86,0.25,0.04,0.00,0.00,0.06,0.00,0.04,0.00,0.16,0.02,0.13,1.00,0.96
31,0.00,0.45,0.00,0.43,0.01,0.00,0.39,0.01,0.02,0.56,0.11,0.00,0.00,0.00,0.00,0.76,0.01,0.01,0.06,0.00,0.99,0.09
3,0.00,0.08,0.00,0.99,0.15,0.00,0.63,0.00,1.00,0.03,0.25,0.00,0.00,0.02,0.03,0.09,0.00,0.05,0.00,0.00,0.84,0.98
61,0.00,0.13,0.01,0.26,0.01,0.00,0.66,0.01,0.22,0.66,0.72,0.00,0.00,0.05,0.00,0.36,0.00,0.45,0.01,0.01,1.00,0.31
90,0.00,0.01,0.00,0.09,0.01,0.00,0.15,0.00,0.23,0.05,0.02,0.00,0.00,0.08,0.10,0.18,0.00,0.00,0.02,0.44,0.04,0.04
32,0.00,0.41,0.04,0.30,0.04,0.00,0.96,0.00,0.48,0.24,0.45,0.00,0.00,0.06,0.00,0.38,0.00,0.03,0.00,0.02,1.00,0.66
4,0.00,0.09,0.00,0.99,0.19,0.00,0.63,0.00,1.00,0.05,0.29,0.00,0.00,0.02,0.03,0.13,0.00,0.04,0.00,0.00,0.89,0.98
62,0.00,0.49,0.00,0.29,0.01,0.00,0.48,0.02,0.04,0.75,0.15,0.00,0.00,0.00,0.01,0.22,0.00,0.03,0.02,0.21,1.00,0.06
91,0.00,1.00,0.00,0.19,0.01,0.00,0.24,0.07,0.02,0.93,0.94,0.01,0.00,0.00,0.03,0.03,0.01,0.99,0.03,0.02,1.00,0.09
33,0.00,0.48,0.02,0.82,0.04,0.00,0.85,0.00,0.11,0.33,0.20,0.00,0.00,0.03,0.01,0.60,0.00,0.01,0.00,0.02,0.94,0.31
5,0.00,0.08,0.00,0.98,0.19,0.00,0.59,0.00,1.00,0.05,0.32,0.00,0.00,0.01,0.03,0.18,0.00,0.04,0.00,0.00,0.83,0.98
92,0.00,1.00,0.01,0.11,0.01,0.00,0.24,0.05,0.02,0.57,0.98,0.01,0.00,0.00,0.06,0.06,0.02,0.95,0.02,0.01,0.99,0.15
63,0.00,0.02,0.14,0.94,0.01,0.00,0.42,0.00,0.04,0.83,0.03,0.00,0.00,0.02,0.00,0.24,0.00,0.01,0.01,0.22,1.00,0.04
34,0.00,0.21,0.05,0.75,0.08,0.00,0.86,0.00,0.17,0.41,0.07,0.00,0.00,0.06,0.00,0.44,0.00,0.01,0.00,0.01,0.98,0.68
93,0.00,1.00,0.01,0.11,0.01,0.00,0.45,0.06,0.03,0.71,0.94,0.00,0.00,0.00,0.03,0.04,0.02,0.87,0.01,0.00,1.00,0.19
64,0.00,0.41,0.05,0.31,0.02,0.00,0.29,0.00,0.41,0.95,0.20,0.00,0.00,0.03,0.00,0.35,0.00,0.06,0.00,0.00,1.00,0.68
6,0.00,0.10,0.00,0.99,0.16,0.00,0.59,0.00,1.00,0.04,0.37,0.00,0.00,0.03,0.04,0.11,0.00,0.06,0.00,0.00,0.90,0.98
35,0.00,0.00,0.18,0.52,0.13,0.00,0.05,0.00,0.04,0.66,0.46,0.00,0.00,0.07,0.00,0.45,0.00,0.05,0.01,0.04,0.97,0.25
94,0.00,1.00,0.01,0.74,0.01,0.00,0.62,0.02,0.03,0.12,0.69,0.00,0.00,0.01,0.02,0.05,0.01,0.07,0.00,0.00,0.81,0.19
65,0.00,0.48,0.01,0.11,0.01,0.00,0.14,0.02,0.02,0.98,0.18,0.00,0.00,0.01,0.00,0.24,0.01,0.07,0.02,0.00,1.00,0.06
36,0.00,0.01,0.22,0.42,0.16,0.00,0.04,0.00,0.04,0.66,0.50,0.00,0.00,0.07,0.00,0.51,0.00,0.05,0.01,0.03,0.97,0.21
7,0.00,0.05,0.00,0.96,0.09,0.00,0.33,0.00,1.00,0.03,0.39,0.00,0.00,0.08,0.08,0.03,0.00,0.06,0.01,0.01,0.96,0.99
95,0.00,0.14,0.01,0.67,0.03,0.00,0.94,0.00,0.12,0.66,0.12,0.00,0.00,0.01,0.00,0.39,0.00,0.01,0.01,0.02,1.00,0.75
66,0.00,0.40,0.01,0.23,0.01,0.00,0.07,0.01,0.01,0.80,0.12,0.00,0.00,0.03,0.01,0.58,0.01,0.00,0.08,0.01,0.98,0.07
37,0.00,0.07,0.03,0.62,0.09,0.00,0.80,0.00,0.56,0.29,0.08,0.00,0.00,0.15,0.00,0.48,0.00,0.01,0.01,0.01,0.99,0.85
8,0.00,0.04,0.00,0.95,0.09,0.00,0.34,0.00,1.00,0.03,0.18,0.00,0.00,0.13,0.05,0.03,0.00,0.05,0.01,0.02,0.98,0.99
96,0.00,0.44,0.02,0.41,0.03,0.00,0.86,0.00,0.13,0.14,0.02,0.00,0.00,0.04,0.00,0.39,0.00,0.00,1.00,0.02,0.99,0.27
67,0.00,0.25,0.00,0.26,0.01,0.00,0.07,0.00,0.01,0.51,0.12,0.00,0.00,0.02,0.01,0.51,0.00,0.00,0.98,0.02,0.78,0.03
38,0.00,0.03,0.02,0.93,0.10,0.00,0.21,0.00,0.13,0.32,0.13,0.00,0.06,0.13,0.00,0.63,0.00,0.03,0.05,0.01,0.62,0.24
9,0.00,0.03,0.00,0.96,0.09,0.00,0.34,0.00,1.00,0.03,0.15,0.00,0.00,0.13,0.03,0.02,0.00,0.03,0.01,0.02,0.98,0.99
97,0.00,0.97,0.01,0.68,0.02,0.00,0.88,0.00,0.08,0.25,0.15,0.00,0.00,0.01,0.00,0.56,0.00,0.00,0.28,0.05,0.98,0.15
68,0.00,0.07,0.00,0.41,0.02,0.00,0.20,0.00,0.04,0.28,0.13,0.00,0.00,0.02,0.00,0.42,0.00,0.00,0.04,0.17,0.37,0.04
39,0.00,0.04,0.03,0.84,0.05,0.00,0.55,0.00,0.02,0.19,0.07,0.00,0.16,0.04,0.00,0.37,0.00,0.01,0.23,0.02,0.27,0.03
10,0.00,0.06,0.00,0.79,0.12,0.00,0.26,0.00,1.00,0.06,0.09,0.00,0.00,0.08,0.50,0.02,0.00,0.01,0.01,0.04,0.91,0.86
98,0.00,0.95,0.02,0.72,0.03,0.00,1.00,0.00,0.12,0.21,0.22,0.00,0.00,0.01,0.00,0.62,0.00,0.01,0.00,0.01,1.00,0.49
69,0.00,0.01,0.00,0.28,0.04,0.00,0.04,0.00,0.05,0.25,0.04,0.00,0.00,0.03,0.02,0.72,0.01,0.00,0.03,0.04,0.15,0.08
40,0.00,0.04,0.01,0.84,0.03,0.00,0.12,0.00,0.03,0.17,0.09,0.00,0.11,0.05,0.00,0.53,0.00,0.01,0.78,0.01,0.11,0.03
11,0.00,0.06,0.00,0.80,0.12,0.00,0.26,0.00,1.00,0.06,0.09,0.00,0.00,0.08,0.48,0.02,0.00,0.01,0.01,0.04,0.91,0.86
99,0.00,0.59,0.09,0.65,0.03,0.00,0.99,0.00,0.14,0.20,0.04,0.00,0.00,0.01,0.00,0.69,0.00,0.01,0.01,0.01,1.00,0.39
70,0.00,0.05,0.05,0.66,0.05,0.00,0.99,0.00,0.03,0.06,0.01,0.00,0.00,0.03,0.00,0.29,0.00,0.00,0.59,0.04,0.68,0.11
41,0.00,0.10,0.01,0.95,0.02,0.00,0.17,0.00,0.03,0.23,0.15,0.00,0.07,0.03,0.00,0.61,0.00,0.02,0.52,0.01,0.18,0.05
12,0.00,0.09,0.00,0.89,0.15,0.00,0.05,0.00,1.00,0.06,0.03,0.00,0.00,0.08,0.39,0.05,0.01,0.00,0.01,0.02,0.92,0.97
100,0.00,0.43,0.13,0.09,0.01,0.00,0.80,0.00,0.08,0.71,0.32,0.00,0.00,0.01,0.00,0.61,0.00,0.01,0.32,0.01,1.00,0.02
71,0.00,0.22,0.01,0.09,0.01,0.00,0.69,0.00,0.10,0.61,0.31,0.00,0.00,0.02,0.00,0.42,0.00,0.01,0.03,0.27,0.99,0.08
13,0.00,0.00,0.00,0.00,0.02,0.00,0.22,0.00,0.02,0.00,0.00,0.00,0.05,0.48,0.95,0.01,0.38,0.00,0.18,0.06,0.00,0.01
42,0.00,0.05,0.01,0.90,0.03,0.00,0.03,0.00,0.02,0.21,0.08,0.00,0.00,0.04,0.01,0.79,0.00,0.01,0.24,0.01,0.07,0.04
101,0.00,0.14,0.01,0.24,0.01,0.00,0.18,0.00,0.04,0.86,0.63,0.00,0.00,0.00,0.00,0.67,0.01,0.21,0.03,0.01,0.98,0.03
72,0.00,0.03,0.00,0.24,0.01,0.00,0.03,0.00,0.09,0.57,0.05,0.00,0.00,0.01,0.01,0.41,0.01,0.00,0.07,0.39,0.71,0.11
14,0.00,0.01,0.00,0.01,0.01,0.00,0.99,0.00,0.03,0.00,0.01,0.00,0.00,0.73,0.55,0.00,0.05,0.03,0.27,0.09,0.00,0.01
43,0.00,0.07,0.00,0.89,0.02,0.00,0.04,0.00,0.04,0.33,0.19,0.00,0.00,0.03,0.01,0.71,0.00,0.01,0.12,0.04,0.24,0.05
15,0.00,0.01,0.00,0.00,0.01,0.00,0.74,0.00,0.01,0.00,0.00,0.00,0.00,0.76,0.88,0.01,0.08,0.02,0.24,0.10,0.00,0.00
102,0.00,0.26,0.00,0.02,0.00,0.00,0.03,0.00,0.01,0.43,0.04,0.00,0.00,0.01,0.00,0.27,0.00,0.00,0.05,0.86,0.62,0.02
73,0.00,0.03,0.00,0.27,0.01,0.00,0.01,0.00,0.44,0.61,0.06,0.00,0.00,0.02,0.12,0.40,0.01,0.00,0.06,0.21,1.00,0.72
44,0.00,0.07,0.01,0.99,0.07,0.00,0.06,0.00,0.11,0.37,0.75,0.00,0.00,0.23,0.00,0.70,0.00,0.10,0.00,0.01,0.34,0.40
16,0.00,0.05,0.00,0.01,0.01,0.00,1.00,0.00,0.06,0.00,0.01,0.00,0.00,0.79,0.27,0.00,0.03,0.01,0.25,0.10,0.00,0.01
103,0.00,0.54,0.00,0.93,0.02,0.00,0.90,0.00,0.98,0.22,0.62,0.00,0.00,0.03,0.02,0.19,0.00,0.00,0.07,0.04,1.00,0.98
74,0.00,0.13,0.01,0.08,0.00,0.00,0.06,0.00,0.03,0.56,0.11,0.00,0.00,0.00,0.00,0.59,0.00,0.02,0.46,0.17,0.71,0.01
45,0.00,0.10,0.04,1.00,0.05,0.00,0.50,0.00,0.22,0.24,0.84,0.00,0.00,0.15,0.00,0.37,0.00,0.13,0.00,0.02,0.78,0.67
17,0.00,0.01,0.00,0.01,0.01,0.00,0.94,0.00,0.02,0.00,0.00,0.00,0.00,0.78,0.72,0.00,0.06,0.03,0.25,0.11,0.00,0.00
104,0.00,0.97,0.02,0.77,0.03,0.00,1.00,0.00,1.00,0.40,0.38,0.00,0.00,0.02,0.01,0.15,0.00,0.00,0.00,0.01,1.00,1.00
75,0.00,0.54,0.00,0.15,0.00,0.00,0.09,0.00,0.02,0.78,0.35,0.00,0.00,0.01,0.00,0.26,0.00,0.04,0.25,0.12,0.98,0.02
46,0.00,0.05,0.06,0.99,0.03,0.00,0.87,0.00,0.08,0.27,0.17,0.00,0.06,0.12,0.00,0.24,0.00,0.06,0.00,0.05,0.94,0.44
18,0.00,0.01,0.00,0.01,0.01,0.00,0.80,0.00,0.01,0.00,0.00,0.00,0.00,0.74,0.85,0.00,0.08,0.02,0.24,0.10,0.00,0.00
105,0.00,0.15,0.03,0.11,0.03,0.00,0.71,0.00,0.10,0.09,0.01,0.00,0.00,0.08,0.00,0.27,0.00,0.00,0.15,0.15,0.55,0.20
76,0.00,0.16,0.00,0.32,0.01,0.00,0.21,0.00,0.08,0.06,0.14,0.00,0.00,0.05,0.02,0.25,0.00,0.01,0.25,0.31,0.04,0.06
47,0.00,0.05,0.02,0.37,0.03,0.00,0.76,0.00,0.04,0.24,0.01,0.00,0.00,0.06,0.00,0.36,0.00,0.00,0.11,0.04,0.97,0.18
19,0.00,0.97,0.05,0.95,0.02,0.00,0.99,0.01,0.02,0.05,0.04,0.00,0.00,0.02,0.00,0.19,0.00,0.00,0.05,0.12,0.40,0.29
106,0.00,0.13,0.00,0.27,0.03,0.00,0.53,0.00,0.06,0.55,0.09,0.00,0.00,0.11,0.01,0.17,0.00,0.01,0.07,0.02,1.00,0.30
77,0.00,0.10,0.00,0.43,0.01,0.00,0.03,0.00,0.01,0.09,0.10,0.00,0.00,0.03,0.03,0.32,0.00,0.00,0.37,0.84,0.04,0.04
48,0.00,0.06,0.48,0.83,0.05,0.00,0.97,0.00,0.99,0.42,0.02,0.00,0.05,0.04,0.00,0.11,0.00,0.00,0.00,0.05,1.00,0.89
20,0.00,0.38,0.02,0.10,0.01,0.00,0.48,0.03,0.97,0.99,0.27,0.00,0.00,0.01,0.00,0.04,0.01,0.81,0.02,0.04,1.00,0.08
107,0.00,0.21,0.01,0.13,0.01,0.00,0.76,0.00,0.02,0.36,0.01,0.00,0.00,0.28,0.00,0.04,0.00,0.00,0.35,0.79,0.97,0.07
78,0.00,0.56,0.10,0.07,0.01,0.00,0.92,0.00,0.36,0.89,0.07,0.00,0.00,0.03,0.00,0.36,0.00,0.02,0.00,0.00,1.00,0.42
49,0.00,0.07,0.03,0.18,0.08,0.00,0.97,0.00,0.98,0.24,0.01,0.00,0.00,0.07,0.00,0.25,0.00,0.00,0.01,0.01,1.00,0.91
108,0.00,0.22,0.02,0.33,0.01,0.00,0.70,0.00,0.04,0.20,0.02,0.00,0.00,0.25,0.00,0.12,0.00,0.00,0.92,0.29,0.93,0.09
21,0.00,0.93,0.00,0.90,0.02,0.00,0.10,0.00,0.08,0.30,0.99,0.00,0.00,0.01,0.05,0.85,0.00,0.03,0.00,0.02,0.41,0.18
79,0.00,0.82,0.06,0.06,0.02,0.00,0.60,0.00,0.45,0.64,0.13,0.00,0.00,0.04,0.00,0.59,0.00,0.01,0.00,0.00,1.00,0.49
50,0.00,0.29,0.03,0.22,0.03,0.00,0.99,0.00,0.86,0.29,0.07,0.00,0.00,0.03,0.00,0.12,0.00,0.05,0.00,0.00,1.00,0.89
22,0.00,0.00,0.00,0.00,0.02,0.00,0.22,0.00,0.02,0.00,0.00,0.00,0.05,0.48,0.95,0.01,0.38,0.00,0.18,0.06,0.00,0.01
109,0.00,0.32,0.01,0.35,0.01,0.00,0.20,0.01,0.02,0.20,0.06,0.00,0.00,0.03,0.01,0.30,0.00,0.00,0.99,0.05,0.27,0.04
80,0.00,0.26,0.00,0.03,0.02,0.00,0.91,0.00,0.98,0.30,0.01,0.00,0.00,0.85,0.00,0.04,0.00,0.00,0.03,0.02,1.00,0.97
51,0.00,0.81,0.05,0.68,0.05,0.00,1.00,0.01,0.94,0.33,0.12,0.00,0.00,0.01,0.00,0.06,0.00,0.16,0.00,0.01,1.00,0.76
23,0.00,0.00,0.00,0.00,0.02,0.00,0.22,0.00,0.02,0.00,0.00,0.00,0.05,0.48,0.95,0.01,0.38,0.00,0.18,0.06,0.00,0.01
110,0.00,0.08,0.03,0.03,0.01,0.00,0.29,0.00,0.90,0.96,0.07,0.00,0.00,0.03,0.00,0.68,0.00,0.07,0.01,0.00,1.00,0.37
81,0.00,0.03,0.13,0.54,0.10,0.00,0.98,0.00,0.16,0.08,0.01,0.00,0.00,0.05,0.00,0.44,0.00,0.00,0.01,0.06,0.92,0.20
52,0.00,0.10,0.01,0.57,0.05,0.00,0.73,0.00,0.62,0.04,0.05,0.00,0.00,0.01,0.05,0.38,0.00,0.01,0.01,0.08,0.94,0.59
24,0.00,0.00,0.00,0.00,0.02,0.00,0.22,0.00,0.02,0.00,0.00,0.00,0.05,0.48,0.95,0.01,0.38,0.00,0.18,0.06,0.00,0.01
111,0.00,0.08,0.01,0.02,0.01,0.00,0.11,0.00,0.22,0.98,0.11,0.00,0.00,0.01,0.00,0.84,0.00,0.04,0.01,0.01,1.00,0.12
82,0.00,0.01,0.08,0.07,0.07,0.00,0.56,0.00,0.67,0.45,0.00,0.00,0.00,0.59,0.00,0.05,0.00,0.00,0.80,0.07,1.00,0.19
53,0.00,0.10,0.02,0.55,0.02,0.00,0.96,0.00,0.12,0.11,0.07,0.00,0.00,0.03,0.00,0.65,0.00,0.00,0.07,0.05,0.84,0.08
25,0.00,0.00,0.00,0.00,0.02,0.00,0.22,0.00,0.02,0.00,0.00,0.00,0.05,0.48,0.95,0.01,0.38,0.00,0.18,0.06,0.00,0.01
112,0.00,0.92,0.00,0.06,0.03,0.00,0.20,0.00,0.37,0.83,0.31,0.00,0.00,0.07,0.02,0.07,0.00,0.02,0.01,0.01,1.00,0.76
83,0.00,0.02,0.00,0.18,0.05,0.00,0.02,0.00,0.01,0.24,0.01,0.00,0.00,0.15,0.00,0.80,0.00,0.01,0.42,0.13,0.18,0.01
54,0.00,0.91,0.01,0.41,0.02,0.00,0.97,0.02,0.46,0.12,0.46,0.00,0.00,0.07,0.01,0.06,0.02,0.19,0.00,0.01,1.00,0.89
26,0.00,0.00,0.00,0.00,0.02,0.00,0.22,0.00,0.02,0.00,0.00,0.00,0.05,0.48,0.95,0.01,0.38,0.00,0.18,0.06,0.00,0.01
113,0.00,0.10,0.00,0.08,0.02,0.00,0.36,0.00,0.83,0.51,0.25,0.00,0.00,0.03,0.04,0.17,0.00,0.02,0.01,0.08,1.00,0.18
84,0.00,0.12,0.00,0.03,0.00,0.00,0.07,0.00,0.16,1.00,0.12,0.00,0.00,0.01,0.00,0.28,0.01,0.22,0.04,0.00,1.00,0.08
55,0.00,0.92,0.01,0.24,0.04,0.00,0.98,0.02,0.68,0.07,0.67,0.00,0.00,0.03,0.01,0.04,0.03,0.19,0.00,0.01,1.00,0.93
27,0.00,0.00,0.00,0.00,0.02,0.00,0.22,0.00,0.02,0.00,0.00,0.00,0.05,0.48,0.95,0.01,0.38,0.00,0.18,0.06,0.00,0.01
114,0.00,0.05,0.04,0.28,0.02,0.00,0.15,0.00,0.61,0.30,0.02,0.00,0.00,0.02,0.00,0.92,0.00,0.01,0.01,0.03,0.88,0.11
85,0.00,0.09,0.00,0.08,0.00,0.00,0.05,0.00,0.07,0.99,0.12,0.00,0.00,0.01,0.00,0.54,0.01,0.06,0.03,0.00,1.00,0.07
56,0.00,0.39,0.01,0.46,0.00,0.00,0.91,0.01,0.19,0.14,0.58,0.00,0.00,0.06,0.01,0.14,0.03,0.11,0.02,0.03,0.94,0.25
28,0.00,0.01,0.00,0.15,0.01,0.00,0.00,0.00,0.06,0.96,0.02,0.00,0.00,0.02,0.07,0.89,0.00,0.00,0.12,0.11,0.86,0.09
115,0.00,0.05,0.01,0.10,0.01,0.00,0.17,0.00,0.02,0.32,0.01,0.00,0.00,0.04,0.00,0.83,0.00,0.00,0.17,0.04,0.98,0.02
86,0.00,0.39,0.04,0.53,0.01,0.00,1.00,0.00,0.38,0.28,0.05,0.00,0.00,0.06,0.00,0.06,0.00,0.00,0.04,0.03,1.00,0.71
57,0.00,0.31,0.02,0.32,0.00,0.00,0.67,0.00,0.40,0.08,0.18,0.00,0.00,0.08,0.01,0.18,0.00,0.00,0.35,0.09,0.29,0.10
116,0.00,0.22,0.00,0.02,0.01,0.00,0.13,0.01,0.01,0.41,0.05,0.00,0.00,0.01,0.00,0.51,0.01,0.02,0.30,0.04,0.94,0.01
145,0.00,0.15,0.02,0.60,0.01,0.00,0.43,0.02,0.11,0.29,0.17,0.00,0.00,0.01,0.02,0.23,0.01,0.04,0.02,0.02,0.84,0.18
174,0.00,0.71,0.00,0.07,0.00,0.00,0.02,0.02,0.15,0.92,0.83,0.00,0.00,0.01,0.02,0.12,0.02,0.22,0.06,0.05,1.00,0.21
203,0.00,0.02,0.17,0.60,0.09,0.00,0.15,0.00,0.01,0.15,0.47,0.00,0.00,0.02,0.01,0.30,0.01,0.01,0.01,0.05,0.82,0.04
117,0.00,0.70,0.00,0.06,0.01,0.00,0.06,0.01,0.01,0.46,0.02,0.00,0.00,0.00,0.00,0.69,0.01,0.01,0.03,0.03,0.97,0.03
146,0.00,0.66,0.14,0.48,0.03,0.00,0.97,0.00,0.13,0.51,0.16,0.00,0.00,0.02,0.00,0.30,0.00,0.20,0.00,0.01,1.00,0.66
175,0.00,0.65,0.00,0.06,0.01,0.00,0.08,0.01,0.01,0.92,0.97,0.00,0.00,0.01,0.01,0.19,0.02,0.11,0.03,0.00,1.00,0.05
204,0.00,0.02,0.02,0.87,0.01,0.00,0.27,0.00,0.02,0.28,0.13,0.00,0.00,0.03,0.01,0.54,0.01,0.02,0.08,0.02,0.40,0.02
118,0.00,1.00,0.03,0.07,0.00,0.00,0.98,0.00,0.92,0.79,0.27,0.00,0.00,0.02,0.00,0.09,0.00,0.03,0.00,0.00,1.00,0.94
147,0.00,0.71,0.28,0.08,0.01,0.00,0.93,0.00,0.13,0.96,0.07,0.00,0.10,0.00,0.00,0.14,0.00,0.08,0.18,0.01,1.00,0.05
205,0.00,0.10,0.01,0.85,0.01,0.00,0.40,0.00,0.04,0.10,0.59,0.00,0.00,0.06,0.00,0.31,0.02,0.08,0.07,0.02,0.08,0.08
176,0.00,0.99,0.00,0.06,0.01,0.00,0.27,0.04,0.05,0.87,0.99,0.00,0.00,0.00,0.09,0.06,0.01,0.45,0.02,0.01,1.00,0.37
119,0.00,0.86,0.00,0.15,0.01,0.00,0.24,0.00,0.39,0.91,0.07,0.00,0.00,0.02,0.02,0.20,0.00,0.00,0.02,0.13,1.00,0.36
148,0.00,0.89,0.08,0.38,0.01,0.00,0.67,0.00,0.06,0.94,0.23,0.00,0.13,0.00,0.00,0.15,0.00,0.32,0.10,0.00,1.00,0.07
206,0.00,0.91,0.00,0.53,0.02,0.00,0.93,0.01,0.04,0.10,0.99,0.00,0.00,0.02,0.04,0.06,0.05,0.84,0.00,0.00,0.99,0.09
177,0.00,0.96,0.00,0.27,0.01,0.00,0.12,0.03,0.13,0.90,0.90,0.00,0.00,0.01,0.10,0.11,0.01,0.30,0.01,0.01,1.00,0.23
120,0.00,0.63,0.00,0.31,0.01,0.00,0.10,0.01,0.07,0.15,0.33,0.00,0.00,0.00,0.02,0.25,0.01,0.01,0.01,0.41,0.53,0.10
149,0.00,0.48,0.01,0.93,0.01,0.00,0.29,0.01,0.01,0.99,0.98,0.01,0.16,0.00,0.00,0.10,0.00,1.00,0.04,0.01,1.00,0.10
207,0.00,0.46,0.00,0.32,0.03,0.00,0.30,0.01,0.02,0.22,0.98,0.00,0.00,0.01,0.03,0.31,0.08,0.35,0.00,0.00,0.79,0.07
178,0.00,0.75,0.01,0.10,0.01,0.01,0.94,0.00,0.91,0.44,0.02,0.00,0.00,0.78,0.00,0.04,0.00,0.01,0.01,0.01,1.00,0.92
121,0.00,0.12,0.00,0.64,0.01,0.00,0.09,0.00,0.54,0.13,0.12,0.00,0.00,0.02,0.03,0.17,0.00,0.00,0.01,0.91,0.50,0.27
150,0.00,0.22,0.00,1.00,0.00,0.00,0.12,0.03,0.01,0.74,1.00,0.01,0.07,0.00,0.01,0.18,0.00,1.00,0.05,0.01,0.92,0.15
208,0.00,0.13,0.00,0.40,0.03,0.00,0.03,0.00,0.08,0.06,0.74,0.00,0.00,0.05,0.21,0.87,0.01,0.03,0.01,0.03,0.13,0.12
179,0.00,1.00,0.00,0.07,0.04,0.00,0.95,0.01,0.38,0.38,0.02,0.00,0.00,0.26,0.11,0.02,0.01,0.00,0.01,0.00,1.00,0.65
122,0.00,0.90,0.01,0.81,0.01,0.00,0.74,0.00,0.35,0.77,0.82,0.00,0.00,0.01,0.00,0.13,0.00,0.37,0.00,0.00,1.00,0.51
151,0.00,0.79,0.01,1.00,0.01,0.00,0.88,0.03,0.23,0.38,0.93,0.00,0.00,0.00,0.00,0.18,0.01,0.96,0.00,0.01,0.99,0.55
209,0.00,0.05,0.00,0.99,0.01,0.00,0.02,0.00,0.03,0.12,0.88,0.00,0.00,0.04,0.49,0.23,0.10,0.39,0.00,0.00,0.25,0.04
180,0.00,0.29,0.01,0.01,0.00,0.00,0.73,0.00,0.98,0.88,0.35,0.00,0.00,0.06,0.00,0.14,0.00,0.21,0.00,0.00,1.00,0.79
123,0.00,0.03,0.00,0.39,0.08,0.00,0.53,0.00,0.32,0.21,0.05,0.00,0.00,0.06,0.00,0.28,0.00,0.00,0.02,0.07,0.99,0.40
152,0.00,0.46,0.01,0.87,0.01,0.00,0.97,0.05,0.22,0.18,0.96,0.00,0.00,0.00,0.01,0.10,0.01,0.89,0.01,0.21,0.99,0.26
210,0.00,0.01,0.00,0.27,0.01,0.00,0.00,0.00,0.10,0.16,0.04,0.00,0.00,0.04,0.39,0.43,0.01,0.00,0.09,0.24,0.14,0.13
181,0.00,0.03,0.01,0.03,0.00,0.00,0.77,0.00,0.90,0.84,0.26,0.00,0.00,0.04,0.00,0.42,0.00,0.10,0.00,0.01,1.00,0.63
124,0.00,0.02,0.00,0.11,0.01,0.00,0.01,0.00,0.01,0.11,0.01,0.00,0.00,0.03,0.03,0.25,0.01,0.00,0.13,1.00,0.04,0.02
153,0.00,0.82,0.00,0.94,0.00,0.00,0.70,0.08,0.11,0.81,0.25,0.00,0.00,0.00,0.00,0.02,0.01,0.95,0.33,0.90,1.00,0.08
211,0.00,0.46,0.02,0.31,0.01,0.00,0.90,0.00,0.07,0.32,0.09,0.00,0.00,0.06,0.00,0.16,0.01,0.01,0.04,0.06,0.99,0.47
182,0.00,0.98,0.00,0.04,0.01,0.00,1.00,0.00,1.00,0.62,0.11,0.00,0.00,0.03,0.00,0.01,0.01,0.16,0.01,0.00,1.00,0.99
125,0.00,0.13,0.01,0.02,0.01,0.00,0.22,0.00,0.27,0.84,0.01,0.00,0.00,0.01,0.01,0.75,0.01,0.00,0.05,0.06,1.00,0.23
154,0.00,0.01,0.00,0.11,0.01,0.00,0.01,0.00,0.02,0.02,0.02,0.00,0.00,0.22,0.22,0.13,0.01,0.00,0.11,1.00,0.00,0.01
212,0.00,0.64,0.03,0.30,0.01,0.00,0.84,0.00,0.08,0.35,0.02,0.00,0.00,0.08,0.00,0.17,0.01,0.00,0.10,0.06,0.98,0.25
183,0.00,0.95,0.00,0.07,0.01,0.00,1.00,0.01,0.91,0.68,0.56,0.00,0.00,0.04,0.00,0.01,0.01,0.64,0.01,0.01,1.00,0.88
126,0.00,0.98,0.01,0.01,0.01,0.00,0.54,0.01,0.04,0.99,0.18,0.00,0.00,0.00,0.00,0.09,0.00,0.48,0.02,0.00,1.00,0.05
155,0.00,0.03,0.00,0.00,0.01,0.00,0.01,0.01,0.11,0.11,0.01,0.04,0.00,0.00,0.03,0.01,0.98,0.90,0.03,0.99,0.42,0.08
213,0.00,0.29,0.02,0.29,0.01,0.00,0.71,0.00,0.06,0.27,0.10,0.00,0.00,0.05,0.00,0.27,0.01,0.01,0.05,0.16,0.94,0.26
184,0.00,0.94,0.00,0.11,0.00,0.00,0.99,0.01,0.96,0.89,0.83,0.00,0.00,0.05,0.00,0.02,0.01,0.68,0.00,0.01,1.00,0.94
127,0.00,0.03,0.00,0.00,0.01,0.00,0.01,0.00,0.04,0.40,0.02,0.04,0.00,0.00,0.05,0.01,0.98,0.97,0.04,0.84,0.91,0.10
156,0.00,0.97,0.00,0.35,0.01,0.00,0.08,0.01,0.04,0.31,0.98,0.00,0.00,0.01,0.05,0.09,0.02,0.16,0.00,0.11,0.88,0.07
214,0.00,0.72,0.03,0.13,0.02,0.00,1.00,0.00,0.72,0.46,0.05,0.00,0.00,0.04,0.00,0.10,0.00,0.00,0.03,0.03,1.00,0.92
185,0.00,0.79,0.00,0.15,0.00,0.00,1.00,0.01,0.93,0.78,0.57,0.00,0.00,0.12,0.00,0.02,0.01,0.47,0.01,0.02,1.00,0.92
128,0.00,0.82,0.00,0.11,0.01,0.00,0.10,0.01,0.05,0.91,0.31,0.00,0.00,0.01,0.00,0.65,0.01,0.09,0.00,0.00,1.00,0.09
157,0.00,0.90,0.00,0.08,0.01,0.00,0.10,0.03,0.03,0.83,0.55,0.00,0.00,0.01,0.02,0.13,0.02,0.57,0.07,0.09,1.00,0.09
215,0.00,0.22,0.03,0.07,0.01,0.00,0.97,0.00,0.73,0.70,0.02,0.00,0.00,0.05,0.00,0.14,0.00,0.00,0.08,0.04,1.00,0.86
186,0.00,0.49,0.00,0.05,0.00,0.00,0.16,0.01,0.08,0.83,0.90,0.00,0.00,0.04,0.01,0.07,0.01,0.56,0.07,0.00,0.98,0.17
129,0.00,0.63,0.00,0.11,0.02,0.00,0.11,0.01,0.04,0.80,0.80,0.00,0.00,0.01,0.00,0.64,0.01,0.10,0.01,0.00,0.99,0.15
158,0.00,0.52,0.01,0.32,0.02,0.00,0.14,0.01,0.01,0.96,0.18,0.00,0.00,0.00,0.00,0.81,0.01,0.05,0.01,0.01,1.00,0.04
216,0.00,0.13,0.03,0.06,0.01,0.00,0.97,0.00,0.84,0.68,0.01,0.00,0.00,0.06,0.00,0.11,0.00,0.00,0.16,0.04,1.00,0.83
187,0.00,0.98,0.01,0.05,0.01,0.01,1.00,0.00,0.82,0.11,0.08,0.00,0.00,0.42,0.00,0.01,0.00,0.05,0.00,0.00,1.00,0.97
130,0.00,1.00,0.00,0.08,0.01,0.00,0.37,0.01,0.09,0.31,0.81,0.00,0.00,0.03,0.01,0.09,0.01,0.03,0.02,0.00,1.00,0.22
159,0.00,0.54,0.00,0.26,0.01,0.00,0.13,0.01,0.01,0.94,0.38,0.00,0.00,0.00,0.00,0.83,0.01,0.06,0.01,0.00,1.00,0.04
217,0.00,0.17,0.04,0.06,0.01,0.00,0.95,0.00,0.31,0.85,0.01,0.00,0.00,0.09,0.00,0.12,0.00,0.00,0.21,0.06,1.00,0.57
188,0.00,0.91,0.00,0.11,0.01,0.00,1.00,0.00,0.98,0.20,0.09,0.00,0.00,0.28,0.00,0.02,0.00,0.03,0.00,0.00,1.00,1.00
131,0.00,0.14,0.00,0.05,0.01,0.00,0.16,0.01,0.04,0.46,0.17,0.00,0.00,0.00,0.00,0.35,0.04,0.36,0.08,0.03,0.83,0.03
160,0.00,0.39,0.00,0.54,0.01,0.00,0.07,0.00,0.02,0.62,0.43,0.00,0.00,0.01,0.03,0.57,0.01,0.00,0.02,0.17,0.77,0.08
189,0.00,0.94,0.01,0.03,0.00,0.01,1.00,0.01,0.79,0.14,0.12,0.00,0.00,0.04,0.00,0.01,0.01,0.63,0.01,0.00,1.00,0.97
218,0.00,0.18,0.04,0.07,0.01,0.00,0.97,0.00,0.31,0.87,0.01,0.00,0.00,0.05,0.00,0.11,0.00,0.00,0.14,0.08,1.00,0.61
132,0.00,0.26,0.00,0.01,0.00,0.00,0.07,0.00,0.08,0.89,0.06,0.00,0.05,0.00,0.00,0.20,0.02,0.07,0.85,0.08,1.00,0.04
161,0.00,0.83,0.00,0.46,0.01,0.00,0.25,0.00,0.05,0.83,0.67,0.00,0.00,0.01,0.01,0.24,0.01,0.01,0.02,0.05,1.00,0.15
190,0.00,0.87,0.01,0.02,0.00,0.01,1.00,0.01,0.61,0.19,0.42,0.00,0.00,0.03,0.00,0.01,0.00,0.91,0.03,0.00,1.00,0.93
219,0.00,0.81,0.02,0.13,0.01,0.00,0.32,0.01,0.44,0.82,0.33,0.00,0.00,0.09,0.01,0.24,0.00,0.01,0.03,0.02,1.00,0.68
133,0.00,0.77,0.03,0.97,0.01,0.00,0.71,0.00,0.00,0.85,0.15,0.01,0.20,0.02,0.00,0.16,0.00,0.02,0.00,0.01,0.95,0.02
162,0.00,0.88,0.00,0.16,0.01,0.00,0.08,0.01,0.04,0.12,0.27,0.00,0.00,0.01,0.01,0.29,0.01,0.02,0.34,0.03,0.31,0.04
191,0.00,0.94,0.01,0.01,0.00,0.00,1.00,0.01,0.77,0.18,0.24,0.00,0.00,0.05,0.00,0.01,0.00,0.69,0.02,0.00,1.00,0.90
220,0.00,0.33,0.02,0.12,0.01,0.00,0.27,0.01,0.46,0.90,0.12,0.00,0.00,0.15,0.00,0.26,0.00,0.00,0.12,0.05,1.00,0.62
134,0.00,0.86,0.06,0.48,0.01,0.00,0.50,0.01,0.01,0.88,0.95,0.00,0.12,0.03,0.00,0.12,0.00,0.81,0.00,0.01,0.98,0.06
163,0.00,0.91,0.01,0.43,0.00,0.00,0.12,0.01,0.03,0.35,0.11,0.00,0.00,0.01,0.02,0.28,0.00,0.00,0.00,0.61,0.78,0.10
192,0.00,0.92,0.01,0.02,0.01,0.00,1.00,0.00,0.96,0.29,0.13,0.00,0.00,0.49,0.00,0.02,0.00,0.03,0.01,0.00,1.00,0.96
221,0.00,0.19,0.01,0.09,0.01,0.00,0.21,0.00,0.48,0.95,0.07,0.00,0.00,0.17,0.00,0.24,0.00,0.00,0.20,0.07,1.00,0.51
135,0.00,0.50,0.01,0.99,0.02,0.00,0.33,0.01,0.01,0.58,0.96,0.00,0.00,0.01,0.00,0.34,0.00,0.07,0.00,0.02,0.96,0.11
164,0.00,1.00,0.01,0.01,0.01,0.00,0.12,0.01,0.03,0.96,0.86,0.00,0.00,0.03,0.02,0.15,0.03,0.09,0.00,0.00,1.00,0.15
193,0.00,0.96,0.01,0.01,0.01,0.00,1.00,0.00,0.98,0.35,0.14,0.00,0.00,0.50,0.00,0.02,0.01,0.02,0.01,0.00,1.00,0.99
222,0.00,0.17,0.05,0.08,0.01,0.00,0.52,0.00,0.78,0.87,0.08,0.00,0.00,0.34,0.00,0.19,0.00,0.00,0.16,0.05,1.00,0.66
136,0.00,0.95,0.00,0.37,0.01,0.00,0.20,0.04,0.01,0.81,0.40,0.00,0.00,0.00,0.00,0.32,0.01,0.09,0.02,0.00,0.99,0.08
165,0.00,0.65,0.01,0.81,0.02,0.00,0.06,0.02,0.05,0.65,0.98,0.00,0.00,0.04,0.02,0.63,0.00,0.02,0.01,0.05,0.95,0.25
194,0.00,0.83,0.00,0.05,0.01,0.00,0.99,0.00,1.00,0.67,0.09,0.00,0.00,0.12,0.00,0.04,0.00,0.00,0.01,0.10,1.00,1.00
223,0.00,0.08,0.03,0.07,0.01,0.00,0.42,0.00,0.83,0.88,0.04,0.00,0.00,0.45,0.00,0.16,0.00,0.00,0.29,0.09,1.00,0.56
137,0.00,0.60,0.00,0.90,0.02,0.00,0.10,0.01,0.03,0.63,0.59,0.00,0.00,0.01,0.02,0.32,0.00,0.02,0.01,0.07,0.98,0.19
166,0.00,0.42,0.00,0.04,0.00,0.00,0.12,0.01,0.10,0.65,0.05,0.00,0.00,0.10,0.03,0.20,0.01,0.03,0.05,0.06,1.00,0.17
195,0.00,0.58,0.00,0.02,0.00,0.00,0.10,0.01,0.08,1.00,0.15,0.00,0.00,0.01,0.01,0.23,0.00,0.01,0.03,0.01,1.00,0.14
224,0.00,0.06,0.04,0.07,0.01,0.00,0.41,0.00,0.86,0.82,0.03,0.00,0.00,0.46,0.00,0.17,0.00,0.00,0.31,0.09,1.00,0.57
138,0.00,0.15,0.01,1.00,0.01,0.00,0.31,0.00,0.02,0.24,0.97,0.00,0.00,0.01,0.00,0.41,0.00,0.10,0.00,0.02,0.41,0.09
167,0.00,0.30,0.00,0.26,0.01,0.00,0.27,0.02,0.23,0.84,0.23,0.00,0.00,0.04,0.01,0.10,0.01,0.04,0.12,0.04,1.00,0.37
196,0.00,0.18,0.00,0.06,0.00,0.00,0.02,0.00,0.01,1.00,0.13,0.00,0.00,0.03,0.01,0.16,0.00,0.00,0.15,0.02,1.00,0.04
225,0.00,0.09,0.04,0.08,0.01,0.00,0.50,0.00,0.82,0.81,0.04,0.00,0.00,0.40,0.00,0.18,0.00,0.00,0.30,0.06,1.00,0.61
139,0.00,0.95,0.02,0.87,0.01,0.00,0.37,0.00,0.05,0.81,1.00,0.00,0.00,0.01,0.00,0.29,0.00,0.33,0.00,0.00,0.99,0.25
168,0.00,0.34,0.00,0.46,0.00,0.00,0.07,0.00,0.09,0.94,0.06,0.00,0.00,0.05,0.01,0.17,0.00,0.00,0.44,0.12,1.00,0.16
197,0.00,0.81,0.00,0.12,0.01,0.00,0.04,0.01,0.01,1.00,0.39,0.00,0.00,0.01,0.01,0.24,0.01,0.02,0.03,0.03,1.00,0.03
226,0.00,0.05,0.03,0.07,0.01,0.00,0.41,0.00,0.85,0.82,0.03,0.00,0.00,0.46,0.00,0.16,0.00,0.00,0.38,0.09,1.00,0.57
140,0.00,0.55,0.01,0.77,0.01,0.00,0.04,0.00,0.11,0.97,0.67,0.00,0.07,0.01,0.00,0.16,0.01,0.09,0.00,0.01,1.00,0.15
169,0.00,0.69,0.00,0.10,0.00,0.00,0.43,0.01,0.04,1.00,0.60,0.00,0.00,0.02,0.00,0.09,0.00,0.18,0.02,0.01,1.00,0.11
198,0.00,0.81,0.00,0.02,0.01,0.00,0.04,0.00,0.00,0.99,0.23,0.00,0.00,0.00,0.00,0.36,0.01,0.02,0.04,0.05,0.98,0.01
227,0.00,0.06,0.03,0.07,0.01,0.00,0.42,0.00,0.85,0.88,0.04,0.00,0.00,0.43,0.00,0.15,0.00,0.00,0.33,0.09,1.00,0.59
141,0.00,0.49,0.00,0.74,0.01,0.00,0.02,0.00,0.04,0.84,0.39,0.00,0.00,0.01,0.01,0.31,0.01,0.03,0.01,0.01,0.73,0.08
170,0.00,0.98,0.01,0.06,0.01,0.00,0.34,0.02,0.01,0.94,0.54,0.00,0.00,0.00,0.00,0.18,0.02,0.12,0.00,0.00,1.00,0.04
199,0.00,0.56,0.00,0.46,0.01,0.00,0.31,0.02,0.06,0.30,0.73,0.00,0.00,0.01,0.00,0.19,0.01,0.04,0.07,0.04,0.99,0.11
228,0.00,0.06,0.03,0.08,0.01,0.00,0.30,0.00,0.85,0.90,0.06,0.00,0.00,0.45,0.00,0.17,0.00,0.00,0.36,0.07,1.00,0.51
142,0.00,0.91,0.00,0.65,0.01,0.00,0.06,0.01,0.00,0.74,0.78,0.00,0.00,0.01,0.00,0.59,0.01,0.02,0.01,0.05,0.87,0.04
171,0.00,0.29,0.00,0.25,0.01,0.00,0.02,0.01,0.06,0.92,0.30,0.00,0.00,0.01,0.02,0.51,0.02,0.01,0.01,0.00,0.98,0.07
200,0.00,0.58,0.00,0.26,0.00,0.00,0.01,0.01,0.00,0.90,0.24,0.00,0.00,0.00,0.01,0.23,0.01,0.02,0.40,0.06,0.99,0.03
229,0.00,0.05,0.02,0.07,0.01,0.00,0.21,0.00,0.89,0.94,0.06,0.00,0.00,0.47,0.00,0.24,0.00,0.00,0.30,0.07,1.00,0.45
143,0.00,0.09,0.01,0.18,0.00,0.00,0.61,0.00,0.05,0.69,0.03,0.00,0.00,0.02,0.00,0.12,0.00,0.06,0.86,0.18,1.00,0.04
172,0.00,0.03,0.00,0.81,0.01,0.00,0.04,0.00,0.11,0.78,0.72,0.00,0.00,0.01,0.01,0.35,0.02,0.13,0.02,0.01,0.95,0.05
201,0.00,0.26,0.00,0.49,0.00,0.00,0.03,0.02,0.01,0.43,0.86,0.00,0.00,0.00,0.04,0.28,0.01,0.17,0.19,0.05,0.89,0.16
230,0.00,0.10,0.02,0.17,0.01,0.00,0.09,0.00,0.07,0.72,0.06,0.00,0.00,0.23,0.00,0.55,0.00,0.01,0.11,0.22,0.99,0.06
144,0.00,0.03,0.01,0.33,0.02,0.00,1.00,0.00,0.76,0.16,0.00,0.00,0.00,0.12,0.02,0.12,0.00,0.00,0.01,0.34,1.00,0.80
173,0.00,0.22,0.00,0.15,0.01,0.00,0.01,0.02,0.01,0.32,1.00,0.01,0.00,0.00,0.05,0.45,0.01,0.61,0.04,0.02,0.57,0.07
202,0.00,0.15,0.10,0.05,0.01,0.00,0.15,0.02,0.75,0.98,0.70,0.00,0.00,0.00,0.06,0.04,0.00,0.29,0.01,0.07,1.00,0.23
231,0.00,0.48,0.01,0.28,0.00,0.00,0.77,0.00,0.05,0.43,0.09,0.00,0.00,0.03,0.00,0.15,0.00,0.02,0.11,0.17,0.98,0.09
232,0.00,0.00,0.00,0.89,0.02,0.00,0.70,0.00,0.33,0.15,0.03,0.00,0.00,0.61,0.00,0.12,0.00,0.03,0.06,0.07,1.00,0.46
261,0.00,0.45,0.01,0.69,0.05,0.00,0.05,0.00,0.37,0.71,0.82,0.00,0.00,0.03,0.09,0.58,0.02,0.05,0.00,0.01,0.89,0.37
290,0.00,0.82,0.00,0.32,0.01,0.00,0.06,0.01,0.03,0.82,0.98,0.00,0.00,0.00,0.08,0.08,0.01,0.87,0.04,0.18,0.97,0.12
319,0.00,0.98,0.02,0.04,0.00,0.00,0.85,0.00,0.97,0.99,0.58,0.00,0.00,0.04,0.00,0.09,0.00,0.15,0.01,0.00,1.00,0.97
233,0.00,0.08,0.00,0.54,0.00,0.00,0.08,0.00,0.05,0.16,0.67,0.00,0.00,0.03,0.10,0.36,0.02,0.06,0.00,0.27,0.14,0.08
262,0.00,0.13,0.00,0.82,0.01,0.00,0.04,0.00,0.02,0.48,0.44,0.00,0.00,0.01,0.01,0.68,0.01,0.03,0.00,0.02,0.82,0.15
291,0.00,0.31,0.00,0.48,0.01,0.00,0.02,0.01,0.01,0.46,0.72,0.00,0.00,0.00,0.05,0.23,0.02,0.04,0.12,0.10,0.70,0.05
320,0.00,0.99,0.09,0.04,0.01,0.00,0.90,0.11,0.01,0.50,0.48,0.00,0.00,0.00,0.03,0.03,0.00,0.98,0.03,0.00,1.00,0.24
234,0.00,0.21,0.01,1.00,0.01,0.00,0.32,0.01,0.36,0.45,0.77,0.00,0.00,0.03,0.06,0.29,0.04,0.12,0.00,0.02,0.99,0.14
263,0.00,0.36,0.03,0.62,0.02,0.00,0.07,0.00,0.02,0.67,0.95,0.02,0.00,0.03,0.01,0.61,0.00,0.13,0.00,0.01,0.91,0.10
292,0.00,0.41,0.01,0.08,0.00,0.00,0.12,0.00,1.00,0.51,0.02,0.00,0.00,0.10,0.00,0.14,0.00,0.00,0.16,0.04,1.00,0.88
321,0.00,0.99,0.03,0.06,0.02,0.00,0.66,0.08,0.01,0.36,0.41,0.00,0.00,0.00,0.02,0.08,0.01,0.50,0.02,0.00,0.98,0.11
235,0.00,0.93,0.02,0.15,0.01,0.00,0.44,0.00,0.05,0.22,0.31,0.00,0.00,0.01,0.00,0.53,0.01,0.05,0.01,0.13,0.37,0.02
264,0.00,0.07,0.00,0.32,0.01,0.00,0.06,0.01,0.12,0.15,0.70,0.00,0.00,0.00,0.03,0.40,0.01,0.06,0.01,0.04,0.53,0.14
293,0.00,0.02,0.00,0.07,0.03,0.00,0.26,0.00,0.83,0.23,0.00,0.00,0.00,0.47,0.12,0.08,0.01,0.00,0.13,0.99,1.00,0.17
322,0.00,0.60,0.02,0.16,0.04,0.00,0.98,0.00,1.00,0.65,0.01,0.00,0.00,0.05,0.00,0.06,0.00,0.00,0.01,0.02,1.00,0.99
236,0.00,0.04,0.00,0.36,0.01,0.00,0.02,0.00,0.02,0.05,0.27,0.00,0.00,0.01,0.09,0.43,0.10,0.03,0.01,0.22,0.05,0.09
265,0.00,1.00,0.02,0.65,0.01,0.00,1.00,0.03,0.94,0.23,0.33,0.00,0.00,0.00,0.00,0.04,0.00,0.14,0.01,0.07,1.00,0.84
294,0.00,0.67,0.01,0.03,0.02,0.00,0.12,0.00,0.92,0.79,0.00,0.00,0.00,0.16,0.03,0.06,0.02,0.01,0.02,0.59,1.00,0.46
323,0.00,0.96,0.03,0.01,0.01,0.01,0.87,0.01,0.82,0.59,0.21,0.00,0.00,0.03,0.00,0.03,0.01,0.17,0.01,0.00,1.00,0.81
237,0.00,0.99,0.01,0.55,0.01,0.00,1.00,0.01,0.73,0.03,0.99,0.00,0.00,0.01,0.01,0.07,0.01,0.37,0.00,0.00,0.99,0.85
266,0.00,0.25,0.02,0.06,0.00,0.00,0.88,0.02,0.08,0.96,0.17,0.00,0.00,0.00,0.00,0.03,0.00,0.61,0.77,0.80,1.00,0.06
295,0.00,0.69,0.01,0.05,0.01,0.00,0.04,0.04,0.71,0.93,0.04,0.00,0.00,0.00,0.01,0.03,0.05,0.41,0.30,0.45,1.00,0.76
324,0.00,1.00,0.04,0.00,0.00,0.00,1.00,0.00,0.47,0.52,0.18,0.00,0.00,0.06,0.00,0.02,0.00,0.26,0.02,0.00,1.00,0.67
238,0.00,0.98,0.02,0.63,0.02,0.01,1.00,0.00,0.66,0.02,0.93,0.00,0.00,0.01,0.01,0.08,0.00,0.01,0.01,0.00,0.49,0.61
267,0.00,0.26,0.00,0.16,0.00,0.00,0.03,0.02,0.00,0.59,0.96,0.00,0.00,0.00,0.03,0.17,0.01,0.19,0.12,0.07,0.71,0.03
296,0.00,0.54,0.00,0.37,0.02,0.00,0.16,0.01,0.03,0.43,0.11,0.00,0.00,0.03,0.01,0.38,0.01,0.01,0.08,0.46,0.77,0.09
325,0.00,0.99,0.01,0.02,0.01,0.00,0.99,0.01,0.68,0.30,0.15,0.00,0.00,0.19,0.00,0.02,0.01,0.02,0.02,0.00,1.00,0.80
239,0.00,0.40,0.02,0.88,0.03,0.01,0.98,0.00,0.22,0.08,0.77,0.00,0.00,0.02,0.01,0.09,0.00,0.07,0.00,0.00,0.43,0.45
268,0.00,0.66,0.00,0.94,0.01,0.00,0.15,0.04,0.00,0.24,0.88,0.00,0.00,0.00,0.05,0.15,0.03,0.33,0.01,0.03,0.36,0.06
297,0.00,0.84,0.00,0.14,0.01,0.00,0.28,0.01,0.05,0.56,0.06,0.00,0.00,0.02,0.00,0.24,0.01,0.04,0.10,0.31,0.99,0.07
326,0.00,0.97,0.01,0.01,0.01,0.00,0.62,0.00,0.78,0.89,0.53,0.00,0.00,0.02,0.00,0.08,0.00,0.12,0.00,0.00,1.00,0.60
240,0.00,0.20,0.08,0.39,0.08,0.02,0.93,0.00,0.10,0.47,0.30,0.00,0.07,0.06,0.00,0.08,0.00,0.03,0.00,0.00,0.94,0.36
269,0.00,0.53,0.05,0.60,0.02,0.00,0.89,0.01,0.13,0.24,0.05,0.00,0.00,0.06,0.00,0.45,0.00,0.00,0.28,0.02,0.97,0.10
327,0.00,0.85,0.00,0.01,0.00,0.00,0.11,0.02,0.19,0.99,0.48,0.00,0.00,0.01,0.02,0.24,0.01,0.24,0.01,0.00,1.00,0.13
298,0.00,0.93,0.01,0.45,0.01,0.00,0.17,0.01,0.02,0.36,0.09,0.00,0.00,0.01,0.00,0.30,0.01,0.01,0.03,0.11,0.83,0.05
270,0.00,0.09,0.01,0.46,0.00,0.00,0.35,0.02,0.06,0.51,0.85,0.00,0.00,0.00,0.13,0.06,0.03,0.77,0.00,0.80,0.88,0.02
241,0.00,0.82,0.02,0.92,0.02,0.00,0.98,0.01,0.29,0.23,0.88,0.00,0.00,0.03,0.01,0.23,0.00,0.01,0.01,0.04,1.00,0.76
328,0.00,0.98,0.01,0.01,0.01,0.00,0.13,0.03,0.19,0.97,0.40,0.00,0.00,0.01,0.02,0.19,0.01,0.25,0.00,0.00,1.00,0.20
299,0.00,0.99,0.01,0.70,0.00,0.00,0.50,0.02,0.16,0.62,0.34,0.00,0.00,0.01,0.01,0.21,0.02,0.39,0.01,0.12,1.00,0.10
271,0.00,0.91,0.00,0.62,0.00,0.00,0.43,0.02,0.02,0.24,0.29,0.00,0.00,0.01,0.02,0.06,0.01,0.18,0.01,0.92,0.68,0.01
242,0.00,0.15,0.03,0.62,0.00,0.00,1.00,0.01,0.01,0.94,0.02,0.00,0.00,0.00,0.00,0.03,0.00,0.03,0.02,0.02,1.00,0.35
329,0.00,0.82,0.05,0.01,0.00,0.00,0.55,0.00,0.79,0.92,0.23,0.00,0.00,0.03,0.00,0.34,0.00,0.06,0.00,0.00,1.00,0.69
300,0.00,0.98,0.00,0.11,0.01,0.00,0.04,0.01,0.24,0.98,0.46,0.00,0.00,0.00,0.05,0.17,0.01,0.03,0.03,0.02,1.00,0.24
272,0.00,0.76,0.00,0.34,0.00,0.00,0.23,0.02,0.01,0.57,0.42,0.00,0.00,0.01,0.02,0.08,0.02,0.27,0.03,0.59,0.89,0.01
243,0.00,0.32,0.02,0.31,0.00,0.00,1.00,0.02,0.06,0.94,0.08,0.00,0.00,0.01,0.00,0.04,0.00,0.40,0.04,0.02,1.00,0.24
330,0.00,0.73,0.03,0.03,0.01,0.00,0.72,0.00,0.88,0.94,0.34,0.00,0.00,0.04,0.00,0.18,0.00,0.02,0.01,0.01,1.00,0.78
301,0.00,0.03,0.00,0.02,0.02,0.00,0.04,0.00,0.17,0.97,0.01,0.00,0.00,0.02,0.01,0.14,0.00,0.00,0.30,0.13,1.00,0.35
273,0.00,0.69,0.00,0.64,0.01,0.00,0.35,0.05,0.03,0.71,0.96,0.00,0.00,0.02,0.02,0.10,0.01,0.33,0.01,0.04,0.99,0.07
244,0.00,0.03,0.09,0.97,0.01,0.00,0.02,0.00,0.17,0.90,0.39,0.00,0.06,0.15,0.00,0.61,0.02,0.33,0.00,0.01,0.93,0.08
331,0.00,0.93,0.00,0.48,0.01,0.00,0.98,0.00,0.99,0.41,0.77,0.00,0.00,0.03,0.00,0.03,0.00,0.09,0.00,0.00,1.00,1.00
302,0.00,0.23,0.02,0.02,0.01,0.00,0.98,0.01,0.07,0.20,0.05,0.00,0.00,0.00,0.00,0.13,0.01,0.10,0.92,0.05,1.00,0.12
274,0.00,0.37,0.01,1.00,0.00,0.00,0.03,0.02,0.03,0.43,0.99,0.04,0.07,0.09,0.04,0.05,0.05,0.99,0.01,0.00,0.63,0.11
332,0.00,0.78,0.00,0.50,0.01,0.00,0.90,0.00,0.84,0.43,0.98,0.00,0.00,0.03,0.00,0.02,0.00,0.23,0.00,0.00,1.00,0.99
303,0.00,0.55,0.04,0.07,0.01,0.00,0.94,0.00,0.29,0.89,0.04,0.00,0.00,0.01,0.00,0.16,0.00,0.01,0.01,0.76,1.00,0.14
245,0.00,0.17,0.01,0.81,0.01,0.00,0.08,0.01,0.01,0.53,0.16,0.00,0.00,0.04,0.00,0.84,0.01,0.09,0.01,0.00,0.56,0.03
275,0.00,1.00,0.00,0.92,0.01,0.00,0.18,0.02,0.01,0.03,0.98,0.00,0.00,0.00,0.07,0.11,0.04,0.68,0.00,0.01,0.06,0.22
304,0.00,1.00,0.01,0.01,0.01,0.00,0.54,0.00,0.45,0.91,0.09,0.00,0.00,0.08,0.03,0.04,0.01,0.01,0.01,0.00,1.00,0.29
333,0.00,0.97,0.01,0.92,0.02,0.00,0.74,0.00,1.00,0.37,0.41,0.00,0.00,0.24,0.01,0.06,0.00,0.01,0.01,0.00,1.00,0.99
246,0.00,0.42,0.02,0.53,0.01,0.00,0.20,0.01,0.01,0.69,0.30,0.00,0.00,0.05,0.00,0.86,0.01,0.04,0.03,0.00,0.89,0.03
276,0.00,0.97,0.01,0.74,0.04,0.00,0.21,0.01,0.06,0.10,0.68,0.00,0.00,0.01,0.12,0.19,0.00,0.05,0.00,0.01,0.95,0.38
305,0.00,0.86,0.10,0.03,0.02,0.01,1.00,0.00,0.99,0.20,0.04,0.00,0.00,0.14,0.00,0.04,0.00,0.01,0.01,0.00,1.00,0.56
334,0.00,0.87,0.04,0.62,0.01,0.00,0.40,0.00,0.99,0.89,0.79,0.00,0.00,0.04,0.00,0.47,0.00,0.08,0.00,0.02,1.00,0.45
247,0.00,0.11,0.00,0.10,0.01,0.00,0.08,0.01,0.01,0.85,0.28,0.00,0.00,0.01,0.00,0.85,0.01,0.10,0.20,0.00,0.98,0.01
277,0.00,0.84,0.00,0.83,0.02,0.00,0.27,0.00,0.06,0.13,0.96,0.00,0.00,0.02,0.01,0.44,0.00,0.21,0.00,0.02,0.99,0.43
306,0.00,0.80,0.01,0.24,0.06,0.00,0.94,0.00,1.00,0.34,0.02,0.00,0.00,0.28,0.00,0.06,0.00,0.00,0.06,0.01,1.00,0.91
335,0.00,0.64,0.06,0.09,0.00,0.00,0.76,0.00,0.14,0.29,0.26,0.00,0.00,0.15,0.00,0.44,0.00,0.02,0.14,0.48,0.99,0.03
248,0.00,0.08,0.00,0.06,0.01,0.00,0.12,0.01,0.01,0.89,0.43,0.00,0.00,0.01,0.00,0.67,0.00,0.12,0.61,0.01,0.99,0.02
278,0.00,0.48,0.01,0.81,0.02,0.00,0.27,0.00,0.02,0.30,0.37,0.00,0.00,0.02,0.00,0.67,0.00,0.03,0.01,0.01,0.98,0.16
307,0.00,0.98,0.01,0.01,0.01,0.00,0.29,0.04,0.06,1.00,0.98,0.00,0.00,0.00,0.01,0.07,0.01,0.76,0.02,0.00,1.00,0.68
336,0.00,0.42,0.01,0.01,0.00,0.00,0.55,0.06,0.07,0.94,0.22,0.00,0.00,0.03,0.00,0.14,0.00,0.41,0.04,0.04,1.00,0.06
249,0.00,0.26,0.01,0.07,0.01,0.00,0.46,0.00,0.08,0.96,0.52,0.00,0.00,0.01,0.00,0.54,0.00,0.20,0.04,0.00,1.00,0.04
279,0.00,0.50,0.01,0.95,0.02,0.00,0.32,0.00,0.01,0.21,0.69,0.00,0.00,0.02,0.00,0.71,0.01,0.05,0.01,0.01,0.85,0.13
308,0.00,0.98,0.01,0.00,0.00,0.00,0.43,0.02,0.19,0.99,0.37,0.00,0.00,0.00,0.01,0.03,0.01,0.51,0.05,0.00,1.00,0.36
337,0.00,0.55,0.00,0.02,0.00,0.00,0.07,0.01,0.07,1.00,0.70,0.00,0.00,0.01,0.01,0.27,0.01,0.34,0.01,0.01,1.00,0.13
250,0.00,0.09,0.01,0.60,0.05,0.00,0.25,0.00,0.08,0.09,0.06,0.00,0.00,0.14,0.00,0.33,0.00,0.00,0.59,0.03,0.54,0.16
280,0.00,0.84,0.01,0.39,0.00,0.00,0.36,0.01,0.01,0.57,0.36,0.00,0.00,0.04,0.00,0.23,0.00,0.01,0.04,0.03,0.97,0.05
309,0.00,0.96,0.01,0.01,0.00,0.00,0.27,0.02,0.24,1.00,0.36,0.00,0.00,0.00,0.01,0.03,0.01,0.45,0.07,0.00,1.00,0.36
338,0.00,0.33,0.00,0.06,0.00,0.00,0.06,0.01,0.04,0.99,0.34,0.00,0.00,0.00,0.00,0.49,0.01,0.28,0.01,0.01,1.00,0.07
251,0.00,0.28,0.02,0.38,0.02,0.00,0.63,0.00,0.05,0.10,0.04,0.00,0.00,0.13,0.00,0.25,0.00,0.00,0.96,0.02,0.83,0.16
281,0.00,0.36,0.00,0.20,0.00,0.00,0.13,0.01,0.01,0.94,0.40,0.00,0.00,0.02,0.00,0.37,0.01,0.13,0.11,0.01,1.00,0.03
310,0.00,0.95,0.04,0.01,0.01,0.00,0.65,0.06,0.15,0.95,0.78,0.00,0.00,0.01,0.01,0.03,0.01,0.94,0.03,0.00,1.00,0.83
339,0.00,0.39,0.00,0.11,0.00,0.00,0.43,0.03,0.03,0.78,0.88,0.00,0.00,0.01,0.01,0.15,0.01,0.12,0.06,0.01,1.00,0.31
252,0.00,0.09,0.02,0.14,0.03,0.00,0.43,0.00,0.05,0.18,0.02,0.00,0.00,0.22,0.00,0.26,0.00,0.00,0.92,0.03,0.94,0.10
282,0.00,0.69,0.00,0.09,0.02,0.00,0.07,0.06,0.02,0.63,0.49,0.00,0.00,0.03,0.02,0.45,0.02,0.16,0.08,0.00,0.98,0.11
311,0.00,0.86,0.02,0.01,0.01,0.00,0.75,0.06,0.11,0.93,0.81,0.00,0.00,0.00,0.01,0.05,0.01,0.95,0.02,0.01,1.00,0.71
340,0.00,0.99,0.04,0.17,0.00,0.00,1.00,0.02,0.49,0.71,0.28,0.00,0.00,0.01,0.00,0.04,0.00,0.25,0.01,0.00,1.00,0.92
253,0.00,0.04,0.03,0.14,0.06,0.00,0.21,0.00,0.10,0.12,0.01,0.00,0.00,0.42,0.00,0.18,0.00,0.00,0.95,0.07,0.64,0.07
283,0.00,0.11,0.00,0.98,0.00,0.00,0.05,0.00,0.10,0.96,0.92,0.00,0.00,0.01,0.02,0.37,0.01,0.23,0.02,0.01,1.00,0.03
312,0.00,0.89,0.01,0.02,0.01,0.00,0.33,0.03,0.12,0.94,0.17,0.00,0.00,0.00,0.01,0.13,0.01,0.06,0.02,0.01,1.00,0.29
341,0.00,0.78,0.01,0.29,0.00,0.00,0.43,0.04,0.04,0.85,0.03,0.00,0.00,0.00,0.01,0.14,0.01,0.29,0.02,0.22,1.00,0.08
254,0.00,0.07,0.03,0.04,0.07,0.00,0.14,0.00,0.17,0.07,0.02,0.00,0.00,0.22,0.00,0.42,0.00,0.00,0.99,0.08,0.31,0.03
284,0.00,0.24,0.00,0.51,0.01,0.00,0.04,0.00,0.02,0.80,0.67,0.00,0.00,0.01,0.01,0.85,0.00,0.02,0.01,0.02,0.93,0.06
313,0.00,0.10,0.00,0.07,0.01,0.00,0.41,0.01,0.08,0.50,0.20,0.00,0.00,0.08,0.02,0.18,0.00,0.00,0.02,0.07,0.99,0.25
342,0.00,0.74,0.00,0.93,0.01,0.00,0.25,0.03,0.00,0.14,0.96,0.00,0.00,0.00,0.01,0.23,0.03,0.41,0.00,0.02,0.05,0.02
255,0.00,0.09,0.03,0.09,0.08,0.00,0.26,0.00,0.22,0.04,0.02,0.00,0.00,0.12,0.00,0.77,0.00,0.00,0.83,0.07,0.22,0.04
285,0.00,0.25,0.00,0.47,0.01,0.00,0.04,0.00,0.01,0.84,0.44,0.00,0.00,0.01,0.01,0.87,0.00,0.01,0.01,0.04,0.92,0.02
314,0.00,0.88,0.88,0.02,0.01,0.01,1.00,0.04,0.02,0.25,0.18,0.01,0.05,0.01,0.00,0.01,0.00,0.90,0.01,0.00,1.00,0.64
343,0.00,0.25,0.01,1.00,0.01,0.00,0.10,0.01,0.01,0.06,0.85,0.00,0.00,0.01,0.18,0.17,0.04,0.79,0.00,0.02,0.00,0.06
256,0.00,0.45,0.01,0.83,0.01,0.00,0.76,0.00,0.08,0.21,0.46,0.00,0.00,0.03,0.00,0.56,0.00,0.00,0.29,0.03,0.69,0.07
286,0.00,0.22,0.01,0.54,0.01,0.00,0.03,0.00,0.01,0.90,0.56,0.00,0.00,0.01,0.01,0.82,0.00,0.02,0.01,0.02,0.93,0.03
315,0.00,0.56,0.65,0.17,0.03,0.00,1.00,0.01,0.02,0.22,0.03,0.00,0.00,0.03,0.00,0.02,0.00,0.22,0.00,0.00,1.00,0.60
344,0.00,0.31,0.01,0.99,0.01,0.00,0.17,0.01,0.20,0.02,0.08,0.00,0.00,0.01,0.12,0.39,0.07,0.02,0.00,0.02,0.64,0.60
257,0.00,0.28,0.05,0.40,0.00,0.00,0.33,0.06,0.05,0.46,0.03,0.00,0.00,0.00,0.02,0.08,0.03,0.11,0.30,0.82,1.00,0.12
287,0.00,0.37,0.03,0.95,0.01,0.00,0.52,0.00,0.03,0.16,0.58,0.00,0.00,0.04,0.01,0.61,0.00,0.15,0.00,0.01,0.30,0.15
345,0.00,0.21,0.00,0.18,0.00,0.00,0.09,0.02,0.19,0.22,0.02,0.00,0.00,0.02,0.07,0.13,0.03,0.01,0.01,1.00,0.27,0.29
316,0.00,0.79,0.15,0.05,0.02,0.00,1.00,0.01,0.04,0.52,0.08,0.00,0.00,0.02,0.00,0.07,0.00,0.73,0.00,0.00,1.00,0.78
258,0.00,0.51,0.00,0.08,0.00,0.00,0.07,0.01,0.12,0.58,0.06,0.00,0.00,0.01,0.01,0.35,0.01,0.24,0.13,0.06,0.98,0.14
288,0.00,1.00,0.06,0.12,0.01,0.00,1.00,0.01,0.07,0.65,0.87,0.00,0.00,0.01,0.00,0.07,0.00,0.63,0.04,0.00,1.00,0.14
346,0.00,0.88,0.00,0.92,0.00,0.00,0.23,0.09,0.00,0.31,0.98,0.00,0.00,0.00,0.01,0.23,0.03,0.82,0.04,0.01,0.79,0.19
317,0.00,0.62,0.05,0.06,0.00,0.00,0.81,0.00,0.23,0.90,0.42,0.00,0.00,0.02,0.00,0.50,0.00,0.37,0.00,0.00,1.00,0.23
259,0.00,1.00,0.01,0.06,0.00,0.00,0.83,0.02,0.24,0.90,0.13,0.00,0.00,0.00,0.00,0.04,0.01,0.96,0.67,0.17,1.00,0.07
289,0.00,0.84,0.00,0.07,0.01,0.00,0.09,0.01,0.02,0.83,0.94,0.00,0.00,0.00,0.02,0.08,0.01,0.97,0.05,0.06,0.99,0.08
347,0.00,0.93,0.00,0.76,0.01,0.00,0.25,0.05,0.01,0.53,0.84,0.00,0.00,0.01,0.01,0.34,0.01,0.26,0.01,0.01,0.87,0.15
318,0.00,0.57,0.04,0.06,0.00,0.00,0.98,0.00,0.66,0.98,0.17,0.00,0.00,0.01,0.00,0.05,0.00,0.69,0.03,0.01,1.00,0.70
260,0.00,0.25,0.01,0.28,0.01,0.00,0.04,0.00,0.39,0.83,0.89,0.00,0.00,0.01,0.13,0.29,0.02,0.52,0.00,0.03,0.99,0.16
348,0.00,1.00,0.01,0.89,0.00,0.00,0.41,0.03,0.02,0.46,0.63,0.00,0.00,0.01,0.00,0.35,0.01,0.04,0.01,0.02,0.22,0.15
377,0.00,1.00,0.02,0.69,0.01,0.00,0.99,0.01,0.06,0.06,0.99,0.00,0.00,0.03,0.00,0.06,0.02,0.40,0.02,0.02,0.24,0.08
406,0.00,0.72,0.03,0.23,0.01,0.00,0.79,0.01,0.17,0.56,0.09,0.00,0.00,0.03,0.01,0.27,0.00,0.01,0.00,0.01,0.98,0.20
435,0.00,0.01,0.01,0.32,0.01,0.00,0.03,0.00,0.00,0.33,0.00,0.01,0.08,0.03,0.00,0.38,0.00,0.00,0.99,0.22,0.37,0.00
349,0.00,0.38,0.00,0.22,0.01,0.00,0.19,0.01,0.01,0.15,0.44,0.00,0.00,0.01,0.01,0.33,0.05,0.12,0.03,0.04,0.56,0.08
378,0.00,0.74,0.00,0.73,0.01,0.00,0.40,0.01,0.04,0.41,0.98,0.00,0.00,0.00,0.00,0.09,0.06,0.76,0.43,0.02,0.84,0.01
407,0.00,0.20,0.00,0.44,0.04,0.00,0.08,0.01,0.03,0.35,0.06,0.00,0.00,0.02,0.01,0.93,0.00,0.00,0.00,0.01,0.25,0.06
436,0.00,0.02,0.00,0.14,0.01,0.00,0.07,0.00,0.00,0.59,0.02,0.00,0.07,0.01,0.00,0.16,0.00,0.00,0.85,0.48,0.71,0.00
350,0.00,0.09,0.00,1.00,0.01,0.00,0.09,0.00,0.00,0.81,0.98,0.01,0.07,0.04,0.00,0.45,0.00,0.44,0.02,0.00,0.82,0.03
379,0.00,0.57,0.01,0.50,0.00,0.00,0.41,0.02,0.02,0.19,0.77,0.00,0.00,0.01,0.00,0.06,0.02,0.32,0.92,0.01,0.18,0.01
408,0.00,0.45,0.00,0.06,0.03,0.00,0.10,0.01,0.06,0.39,0.02,0.00,0.00,0.01,0.01,0.81,0.00,0.00,0.01,0.04,0.50,0.10
437,0.00,0.04,0.00,0.31,0.01,0.00,0.10,0.00,0.00,0.92,0.06,0.00,0.00,0.00,0.00,0.23,0.00,0.00,0.03,0.23,0.98,0.00
351,0.00,0.60,0.01,0.64,0.03,0.00,0.24,0.01,0.00,0.49,0.17,0.00,0.00,0.01,0.00,0.43,0.00,0.03,0.01,0.00,0.95,0.04
409,0.00,0.19,0.01,0.43,0.05,0.00,0.02,0.01,0.21,0.30,0.04,0.00,0.00,0.04,0.04,0.91,0.00,0.00,0.00,0.00,0.32,0.25
380,0.00,0.77,0.01,0.78,0.00,0.00,0.62,0.02,0.01,0.53,0.52,0.01,0.07,0.00,0.00,0.05,0.01,0.20,0.37,0.10,0.60,0.01
438,0.00,0.02,0.01,0.95,0.03,0.00,0.02,0.00,0.01,0.91,0.18,0.00,0.23,0.03,0.00,0.51,0.00,0.01,0.00,0.02,0.95,0.03
352,0.00,0.67,0.01,0.27,0.02,0.00,0.08,0.01,0.01,0.59,0.42,0.00,0.00,0.01,0.01,0.62,0.01,0.07,0.00,0.00,0.89,0.06
410,0.00,0.40,0.01,0.29,0.05,0.00,0.28,0.01,0.19,0.36,0.06,0.00,0.00,0.03,0.01,0.91,0.00,0.00,0.00,0.00,0.71,0.13
381,0.00,0.45,0.00,0.11,0.00,0.00,0.44,0.01,0.00,0.80,0.29,0.00,0.06,0.00,0.00,0.10,0.01,0.05,0.90,0.20,0.96,0.02
439,0.00,0.04,0.01,0.96,0.03,0.00,0.03,0.00,0.05,0.95,0.43,0.00,0.19,0.05,0.00,0.61,0.00,0.02,0.00,0.02,0.97,0.08
353,0.00,0.53,0.12,1.00,0.01,0.00,0.95,0.00,0.00,0.98,0.52,0.01,0.39,0.02,0.00,0.07,0.00,0.09,0.00,0.01,1.00,0.02
382,0.00,0.46,0.00,0.02,0.00,0.00,0.01,0.00,0.01,0.89,0.01,0.00,0.00,0.01,0.00,0.12,0.00,0.01,0.11,1.00,0.99,0.01
411,0.00,0.43,0.00,0.37,0.01,0.00,0.02,0.01,0.01,0.29,0.10,0.00,0.00,0.00,0.02,0.48,0.01,0.00,0.01,0.16,0.58,0.03
440,0.00,0.02,0.04,0.98,0.02,0.00,0.01,0.00,0.53,0.93,0.29,0.01,0.00,0.01,0.01,0.35,0.00,0.01,0.00,0.14,1.00,0.25
354,0.00,0.16,0.01,1.00,0.01,0.00,0.03,0.00,0.00,0.48,0.99,0.03,0.00,0.00,0.06,0.26,0.01,0.33,0.00,0.01,0.25,0.07
383,0.00,0.96,0.00,0.01,0.00,0.00,0.17,0.01,0.04,0.99,0.01,0.00,0.00,0.01,0.00,0.05,0.01,0.02,0.25,0.47,1.00,0.02
412,0.00,0.50,0.00,0.71,0.01,0.00,0.25,0.02,0.01,0.43,0.36,0.00,0.00,0.00,0.00,0.35,0.01,0.01,0.01,0.09,0.95,0.02
441,0.00,0.52,0.02,0.96,0.02,0.00,0.73,0.01,0.02,0.95,0.56,0.00,0.00,0.01,0.00,0.10,0.00,0.21,0.00,0.02,0.96,0.04
384,0.00,0.69,0.02,1.00,0.01,0.00,0.99,0.01,0.11,0.03,0.81,0.00,0.00,0.02,0.01,0.15,0.01,0.18,0.00,0.03,0.11,0.50
355,0.00,0.97,0.02,0.81,0.00,0.00,0.98,0.01,0.01,0.56,0.03,0.00,0.00,0.00,0.00,0.12,0.00,0.01,0.03,0.17,1.00,0.02
413,0.00,0.28,0.00,0.35,0.01,0.00,0.08,0.01,0.01,0.32,0.21,0.00,0.00,0.01,0.01,0.41,0.00,0.00,0.02,0.35,0.62,0.02
442,0.00,0.50,0.02,0.91,0.02,0.00,0.70,0.01,0.02,0.95,0.67,0.00,0.00,0.01,0.00,0.11,0.00,0.28,0.00,0.02,0.94,0.03
385,0.00,0.11,0.01,0.99,0.01,0.00,0.08,0.01,0.30,0.31,0.64,0.00,0.00,0.05,0.02,0.18,0.00,0.41,0.11,0.87,0.55,0.07
356,0.00,0.96,0.08,0.99,0.03,0.00,0.68,0.00,0.00,0.95,0.17,0.01,0.45,0.01,0.00,0.07,0.00,0.25,0.00,0.00,1.00,0.02
414,0.00,0.34,0.00,0.91,0.01,0.00,0.85,0.01,0.04,0.32,0.46,0.00,0.00,0.01,0.00,0.39,0.00,0.00,0.01,0.21,0.86,0.04
443,0.00,0.50,0.02,0.91,0.02,0.00,0.70,0.01,0.02,0.95,0.67,0.00,0.00,0.01,0.00,0.11,0.00,0.27,0.00,0.02,0.94,0.03
386,0.00,0.69,0.00,0.07,0.00,0.00,0.45,0.02,0.00,0.97,0.60,0.14,0.00,0.00,0.00,0.04,0.01,0.79,0.17,0.07,0.98,0.01
415,0.00,0.32,0.00,0.88,0.00,0.00,0.78,0.00,0.14,0.25,0.98,0.00,0.00,0.03,0.00,0.48,0.00,0.01,0.00,0.05,0.91,0.16
357,0.00,0.80,0.06,0.85,0.03,0.00,0.41,0.00,0.00,0.95,0.18,0.07,0.74,0.01,0.00,0.06,0.01,0.34,0.00,0.00,1.00,0.02
444,0.00,0.50,0.02,0.92,0.02,0.00,0.70,0.01,0.02,0.95,0.66,0.00,0.00,0.01,0.00,0.11,0.00,0.27,0.00,0.02,0.94,0.03
387,0.00,1.00,0.04,0.36,0.01,0.00,1.00,0.01,0.15,0.05,0.23,0.00,0.00,0.05,0.00,0.06,0.01,0.27,0.01,0.03,0.83,0.20
416,0.00,0.43,0.01,0.91,0.01,0.00,0.92,0.01,0.06,0.16,0.20,0.00,0.00,0.02,0.00,0.54,0.00,0.00,0.03,0.11,0.94,0.10
358,0.00,0.53,0.50,0.99,0.20,0.00,0.77,0.01,0.02,0.95,0.06,0.01,0.37,0.02,0.00,0.06,0.00,0.03,0.00,0.04,1.00,0.02
445,0.00,0.53,0.02,0.92,0.02,0.00,0.69,0.01,0.02,0.95,0.68,0.00,0.00,0.01,0.00,0.12,0.00,0.28,0.00,0.02,0.94,0.03
388,0.00,0.42,0.03,0.12,0.02,0.00,0.64,0.02,0.69,0.31,0.49,0.00,0.00,0.08,0.00,0.17,0.01,0.20,0.01,0.04,0.93,0.11
417,0.00,0.28,0.01,0.95,0.01,0.00,0.16,0.00,0.97,0.76,0.84,0.00,0.00,0.00,0.00,0.25,0.01,0.40,0.00,0.02,1.00,0.84
359,0.00,0.99,0.42,1.00,0.04,0.00,0.99,0.00,0.01,0.92,0.09,0.00,0.50,0.02,0.00,0.12,0.00,0.02,0.00,0.02,0.99,0.02
446,0.00,0.00,0.00,0.00,0.02,0.00,0.22,0.00,0.02,0.00,0.00,0.00,0.05,0.48,0.95,0.01,0.38,0.00,0.18,0.06,0.00,0.01
389,0.00,0.58,0.02,0.03,0.01,0.00,0.94,0.00,0.16,0.16,0.19,0.00,0.00,0.01,0.00,0.45,0.00,0.04,0.18,0.63,0.86,0.01
418,0.00,0.10,0.04,0.22,0.03,0.00,0.11,0.00,0.03,0.82,0.10,0.00,0.20,0.53,0.00,0.43,0.00,0.04,0.00,0.01,0.88,0.06
360,0.00,0.87,0.23,1.00,0.04,0.00,0.97,0.01,0.02,0.45,0.04,0.00,0.90,0.02,0.00,0.13,0.00,0.02,0.00,0.04,0.26,0.03
447,0.00,0.01,0.00,0.09,0.01,0.00,0.03,0.00,0.07,0.03,0.00,0.00,0.07,0.71,0.12,0.05,0.03,0.00,0.02,0.41,0.12,0.04
390,0.00,0.98,0.05,0.12,0.01,0.00,1.00,0.01,0.04,0.28,0.16,0.00,0.14,0.00,0.00,0.08,0.00,0.08,0.02,0.01,1.00,0.14
419,0.00,0.39,0.04,0.97,0.04,0.00,0.59,0.00,0.05,0.31,0.46,0.00,0.26,0.93,0.00,0.14,0.00,0.35,0.00,0.00,0.32,0.06
448,0.00,0.00,0.00,0.00,0.01,0.00,0.29,0.00,0.02,0.00,0.00,0.00,0.00,0.68,0.94,0.01,0.18,0.00,0.20,0.05,0.00,0.01
361,0.00,0.93,0.42,1.00,0.09,0.00,0.85,0.02,0.01,0.49,0.06,0.00,0.69,0.04,0.00,0.14,0.00,0.04,0.00,0.01,0.28,0.03
449,0.00,0.00,0.00,0.00,0.02,0.00,0.22,0.00,0.02,0.00,0.00,0.00,0.05,0.48,0.95,0.01,0.38,0.00,0.18,0.06,0.00,0.01
391,0.00,0.85,0.03,0.42,0.01,0.00,1.00,0.00,0.04,0.28,0.06,0.00,0.14,0.00,0.00,0.15,0.00,0.01,0.04,0.01,1.00,0.09
420,0.00,0.20,0.01,0.90,0.05,0.00,0.07,0.00,0.03,0.29,0.74,0.00,0.08,0.30,0.00,0.90,0.00,0.06,0.00,0.01,0.10,0.09
362,0.00,0.97,0.34,1.00,0.02,0.00,1.00,0.00,0.02,0.20,0.97,0.00,0.00,0.02,0.00,0.16,0.00,0.08,0.00,0.01,0.86,0.25
392,0.00,0.49,0.26,0.94,0.03,0.00,1.00,0.00,0.04,0.25,0.01,0.00,0.33,0.01,0.00,0.19,0.00,0.00,0.01,0.03,0.96,0.15
421,0.00,0.18,0.00,0.93,0.04,0.00,0.03,0.00,0.01,0.19,0.18,0.00,0.00,0.02,0.08,0.96,0.01,0.01,0.00,0.01,0.03,0.05
363,0.00,0.93,0.29,1.00,0.02,0.00,1.00,0.00,0.00,0.04,0.77,0.00,0.06,0.10,0.00,0.09,0.00,0.05,0.00,0.01,0.16,0.09
393,0.00,0.04,0.38,0.16,0.10,0.00,1.00,0.00,0.10,0.11,0.00,0.00,0.94,0.05,0.00,0.10,0.00,0.00,0.01,0.02,0.72,0.06
422,0.00,0.47,0.01,0.99,0.01,0.00,0.06,0.05,0.12,0.63,0.05,0.00,0.00,0.01,0.00,0.25,0.02,0.04,0.03,0.09,0.76,0.17
364,0.00,0.15,0.01,1.00,0.01,0.00,0.36,0.02,0.01,0.16,0.76,0.00,0.00,0.03,0.01,0.46,0.01,0.09,0.01,0.01,0.17,0.08
394,0.00,0.07,0.24,0.23,0.02,0.00,0.51,0.00,0.01,0.93,0.01,0.00,0.90,0.02,0.00,0.13,0.00,0.00,0.01,0.03,0.98,0.01
423,0.00,0.85,0.02,1.00,0.00,0.00,0.98,0.01,0.01,0.87,0.12,0.00,0.00,0.03,0.00,0.11,0.00,0.01,0.03,0.11,1.00,0.14
365,0.00,0.03,0.01,1.00,0.02,0.00,0.05,0.00,0.01,0.29,0.89,0.00,0.00,0.04,0.01,0.63,0.01,0.28,0.00,0.02,0.46,0.14
395,0.00,0.47,0.31,0.10,0.01,0.01,0.45,0.00,0.00,0.95,0.03,0.01,0.74,0.01,0.00,0.03,0.00,0.06,0.01,0.01,1.00,0.00
424,0.00,0.02,0.01,0.76,0.02,0.00,0.05,0.00,0.01,0.25,0.02,0.00,0.11,0.02,0.02,0.42,0.00,0.00,0.05,0.18,0.43,0.02
366,0.00,0.03,0.02,1.00,0.08,0.00,0.15,0.00,0.00,0.71,0.33,0.00,0.14,0.06,0.00,0.31,0.00,0.25,0.00,0.00,0.90,0.03
396,0.00,0.03,0.27,0.34,0.02,0.00,0.32,0.00,0.01,0.95,0.02,0.01,0.30,0.07,0.00,0.12,0.00,0.06,0.00,0.29,1.00,0.01
425,0.00,0.01,0.00,0.72,0.02,0.00,0.02,0.00,0.01,0.18,0.03,0.00,0.07,0.02,0.01,0.84,0.00,0.00,0.04,0.04,0.17,0.01
367,0.00,0.52,0.31,1.00,0.03,0.01,0.88,0.00,0.01,0.85,0.10,0.02,0.81,0.04,0.00,0.03,0.00,0.09,0.00,0.01,0.63,0.01
397,0.00,0.41,0.37,0.91,0.02,0.01,0.88,0.00,0.00,0.96,0.13,0.01,0.75,0.04,0.00,0.06,0.00,0.57,0.00,0.00,0.99,0.01
426,0.00,0.04,0.00,0.87,0.02,0.00,0.04,0.00,0.01,0.16,0.10,0.00,0.00,0.02,0.01,0.86,0.00,0.00,0.03,0.02,0.16,0.02
368,0.00,0.68,0.65,1.00,0.01,0.01,0.99,0.00,0.01,0.35,0.37,0.01,0.53,0.01,0.00,0.07,0.00,0.53,0.00,0.00,0.15,0.05
398,0.00,0.04,0.05,0.58,0.05,0.00,0.06,0.00,0.01,0.53,0.13,0.01,0.13,0.73,0.00,0.53,0.00,0.27,0.00,0.04,0.72,0.01
427,0.00,0.07,0.43,0.90,0.07,0.00,0.93,0.00,0.02,0.64,0.17,0.00,0.79,0.60,0.00,0.08,0.00,0.40,0.01,0.00,0.94,0.08
369,0.00,0.85,0.12,0.93,0.01,0.01,0.57,0.00,0.00,0.51,0.81,0.13,0.55,0.00,0.00,0.03,0.01,0.85,0.00,0.00,0.17,0.01
399,0.00,0.98,0.03,0.99,0.01,0.00,1.00,0.07,0.09,0.13,0.31,0.00,0.00,0.00,0.01,0.08,0.00,0.18,0.00,0.01,1.00,0.49
428,0.00,0.00,0.07,0.79,0.08,0.00,0.24,0.00,0.01,0.84,0.11,0.00,0.95,0.24,0.00,0.11,0.00,0.14,0.03,0.00,0.70,0.02
370,0.00,0.41,0.10,1.00,0.01,0.00,1.00,0.17,0.02,0.07,0.97,0.00,0.05,0.00,0.00,0.07,0.00,0.94,0.01,0.01,0.92,0.39
400,0.00,0.94,0.03,1.00,0.00,0.00,1.00,0.01,0.24,0.27,0.32,0.00,0.00,0.00,0.00,0.09,0.00,0.64,0.00,0.01,1.00,0.69
429,0.00,0.01,0.11,0.98,0.17,0.00,0.10,0.00,0.01,0.38,0.10,0.00,0.51,0.67,0.00,0.17,0.00,0.46,0.06,0.00,0.26,0.03
371,0.00,0.26,0.01,1.00,0.01,0.00,0.97,0.12,0.02,0.11,0.73,0.00,0.00,0.00,0.01,0.21,0.01,0.94,0.00,0.02,0.34,0.05
401,0.00,0.91,0.02,0.99,0.00,0.00,0.99,0.01,0.06,0.60,0.30,0.00,0.00,0.00,0.00,0.14,0.00,0.30,0.02,0.02,1.00,0.11
430,0.00,0.04,0.60,0.81,0.03,0.01,0.89,0.00,0.01,0.99,0.27,0.00,0.65,0.14,0.00,0.09,0.00,0.38,0.00,0.00,1.00,0.04
372,0.00,0.99,0.02,0.88,0.03,0.00,0.36,0.01,0.99,0.23,0.02,0.00,0.00,0.62,0.12,0.03,0.00,0.00,0.06,0.00,1.00,0.99
402,0.00,0.06,0.11,0.46,0.01,0.00,0.19,0.01,0.12,0.75,0.25,0.00,0.00,0.06,0.00,0.39,0.00,0.10,0.00,0.01,0.99,0.24
431,0.00,0.09,0.00,1.00,0.02,0.00,0.05,0.00,0.01,0.28,0.79,0.00,0.10,0.28,0.01,0.38,0.01,0.13,0.00,0.02,0.19,0.09
373,0.00,1.00,0.02,0.65,0.05,0.00,0.68,0.01,0.94,0.13,0.09,0.00,0.00,0.72,0.04,0.04,0.00,0.00,0.03,0.00,1.00,0.92
403,0.00,0.13,0.07,0.19,0.01,0.00,0.08,0.00,0.12,0.96,0.53,0.00,0.11,0.05,0.00,0.39,0.00,0.36,0.00,0.00,1.00,0.13
432,0.00,0.08,0.00,1.00,0.03,0.00,0.04,0.00,0.00,0.36,0.74,0.00,0.30,0.13,0.02,0.47,0.01,0.11,0.00,0.01,0.21,0.02
374,0.00,0.26,0.01,0.09,0.04,0.00,0.02,0.00,0.08,0.07,0.18,0.01,0.00,0.96,0.01,0.90,0.00,0.05,0.00,0.05,0.20,0.04
404,0.00,0.06,0.09,0.62,0.00,0.00,0.69,0.01,0.23,0.87,0.25,0.00,0.00,0.03,0.00,0.13,0.00,0.10,0.00,0.01,1.00,0.11
433,0.00,0.02,0.02,0.95,0.04,0.00,0.11,0.00,0.03,0.46,0.12,0.00,0.07,0.17,0.00,0.94,0.00,0.04,0.01,0.01,0.58,0.07
375,0.00,0.24,0.01,0.04,0.01,0.00,0.04,0.01,0.14,0.29,0.90,0.01,0.00,0.01,0.02,0.45,0.00,0.79,0.01,0.01,0.63,0.07
405,0.00,0.25,0.13,0.37,0.01,0.00,0.98,0.01,0.24,0.81,0.39,0.00,0.00,0.05,0.00,0.14,0.00,0.43,0.00,0.01,1.00,0.32
434,0.00,0.09,0.01,0.58,0.01,0.00,0.04,0.00,0.07,0.79,0.19,0.00,0.00,0.03,0.00,0.92,0.00,0.00,0.02,0.02,0.99,0.07
376,0.00,0.70,0.00,0.02,0.01,0.00,0.01,0.02,0.02,0.33,0.99,0.00,0.00,0.00,0.13,0.36,0.00,0.70,0.01,0.02,0.39,0.06
