0,0.00,0.00,0.00,0.00,0.02,0.00,0.22,0.00,0.02,0.00,0.00,0.00,0.05,0.48,0.95,0.01,0.38,0.00,0.18,0.06,0.00,0.01
58,0.00,0.16,0.03,0.63,0.02,0.00,0.84,0.00,0.13,0.08,0.12,0.00,0.00,0.21,0.00,0.30,0.01,0.01,0.15,0.07,0.53,0.06
87,0.00,0.94,0.01,0.16,0.01,0.00,1.00,0.00,0.72,0.14,0.06,0.00,0.00,0.04,0.00,0.04,0.00,0.08,0.01,0.01,1.00,0.98
29,0.00,0.08,0.01,0.98,0.06,0.00,0.16,0.00,0.01,0.20,0.90,0.00,0.07,0.11,0.00,0.52,0.00,0.12,0.02,0.02,0.15,0.04
1,0.00,0.00,0.00,0.00,0.02,0.00,0.22,0.00,0.02,0.00,0.00,0.00,0.05,0.48,0.95,0.01,0.38,0.00,0.18,0.06,0.00,0.01
59,0.00,0.16,0.02,0.43,0.01,0.00,0.99,0.01,0.17,0.04,0.04,0.00,0.00,0.02,0.00,0.26,0.01,0.01,0.01,0.07,0.49,0.43
88,0.00,0.84,0.01,0.11,0.01,0.00,1.00,0.00,0.80,0.28,0.04,0.00,0.00,0.07,0.00,0.03,0.00,0.03,0.01,0.10,1.00,0.96
30,0.00,0.05,0.02,0.66,0.06,0.00,0.47,0.00,0.05,0.21,0.03,0.00,0.00,0.04,0.00,0.75,0.00,0.00,0.08,0.02,0.84,0.11
2,0.00,0.05,0.00,0.99,0.08,0.00,0.65,0.00,1.00,0.04,0.21,0.00,0.00,0.04,0.02,0.04,0.00,0.03,0.01,0.01,0.97,0.99
89,0.00,0.65,0.01,0.09,0.01,0.00,1.00,0.01,0.85,0.24,0.04,0.00,0.00,0.05,0.00,0.03,0.00,0.15,0.02,0.14,1.00,0.96
60,0.00,0.99,0.03,0.19,0.05,0.00,1.00,0.02,0.99,0.02,0.29,0.00,0.00,0.02,0.01,0.01,0.00,0.92,0.00,0.00,1.00,0.90
31,0.00,0.35,0.00,0.36,0.01,0.00,0.55,0.01,0.02,0.46,0.08,0.00,0.00,0.01,0.00,0.65,0.01,0.01,0.07,0.00,0.99,0.09
3,0.00,0.08,0.00,0.99,0.11,0.00,0.73,0.00,1.00,0.04,0.21,0.00,0.00,0.02,0.02,0.07,0.00,0.05,0.00,0.00,0.92,0.99
90,0.00,0.01,0.00,0.07,0.01,0.00,0.21,0.00,0.24,0.04,0.02,0.00,0.00,0.09,0.08,0.16,0.00,0.00,0.02,0.45,0.04,0.04
61,0.00,0.10,0.01,0.22,0.01,0.00,0.74,0.01,0.20,0.64,0.61,0.00,0.00,0.05,0.00,0.28,0.00,0.44,0.02,0.01,1.00,0.29
32,0.00,0.32,0.06,0.29,0.04,0.00,0.98,0.00,0.54,0.21,0.25,0.00,0.00,0.05,0.00,0.28,0.00,0.02,0.00,0.02,1.00,0.73
91,0.00,1.00,0.00,0.22,0.01,0.00,0.31,0.07,0.03,0.92,0.94,0.00,0.00,0.00,0.03,0.02,0.01,0.99,0.03,0.03,1.00,0.10
4,0.00,0.10,0.00,0.99,0.15,0.00,0.73,0.00,1.00,0.05,0.22,0.00,0.00,0.02,0.02,0.11,0.00,0.04,0.00,0.00,0.93,0.98
62,0.00,0.46,0.01,0.21,0.01,0.00,0.70,0.02,0.05,0.69,0.09,0.00,0.00,0.00,0.00,0.18,0.00,0.02,0.03,0.26,1.00,0.06
33,0.00,0.39,0.03,0.72,0.04,0.00,0.93,0.00,0.14,0.29,0.15,0.00,0.00,0.03,0.01,0.44,0.00,0.01,0.00,0.02,0.96,0.38
92,0.00,1.00,0.01,0.11,0.01,0.00,0.36,0.06,0.02,0.54,0.98,0.00,0.00,0.00,0.06,0.05,0.02,0.97,0.02,0.01,1.00,0.19
5,0.00,0.10,0.00,0.99,0.16,0.00,0.69,0.00,1.00,0.05,0.26,0.00,0.00,0.01,0.02,0.14,0.00,0.04,0.00,0.00,0.89,0.98
63,0.00,0.02,0.17,0.91,0.01,0.00,0.48,0.00,0.04,0.85,0.03,0.00,0.00,0.02,0.00,0.19,0.00,0.01,0.01,0.25,1.00,0.04
34,0.00,0.19,0.05,0.61,0.08,0.00,0.91,0.00,0.18,0.36,0.06,0.00,0.00,0.06,0.00,0.33,0.00,0.01,0.01,0.01,0.98,0.68
93,0.00,1.00,0.01,0.10,0.01,0.00,0.56,0.05,0.04,0.68,0.93,0.00,0.00,0.00,0.02,0.04,0.01,0.86,0.01,0.00,1.00,0.25
6,0.00,0.10,0.00,0.99,0.13,0.00,0.69,0.00,1.00,0.05,0.32,0.00,0.00,0.02,0.04,0.09,0.00,0.06,0.00,0.00,0.95,0.99
64,0.00,0.38,0.05,0.30,0.02,0.00,0.39,0.00,0.36,0.91,0.18,0.00,0.00,0.02,0.00,0.28,0.00,0.06,0.00,0.00,1.00,0.61
35,0.00,0.00,0.26,0.47,0.12,0.00,0.08,0.00,0.05,0.62,0.35,0.00,0.00,0.07,0.00,0.35,0.00,0.05,0.01,0.05,0.98,0.23
94,0.00,1.00,0.01,0.66,0.01,0.00,0.69,0.02,0.04,0.12,0.59,0.00,0.00,0.01,0.01,0.04,0.01,0.07,0.00,0.00,0.86,0.23
7,0.00,0.05,0.00,0.98,0.09,0.00,0.37,0.00,1.00,0.04,0.43,0.00,0.00,0.07,0.07,0.03,0.00,0.07,0.01,0.01,0.97,0.99
65,0.00,0.39,0.01,0.10,0.01,0.00,0.17,0.02,0.02,0.97,0.16,0.00,0.00,0.01,0.00,0.20,0.01,0.07,0.02,0.00,1.00,0.06
36,0.00,0.00,0.29,0.36,0.14,0.00,0.07,0.00,0.05,0.63,0.38,0.00,0.00,0.07,0.00,0.40,0.00,0.04,0.01,0.04,0.97,0.19
95,0.00,0.14,0.01,0.53,0.02,0.00,0.97,0.00,0.11,0.63,0.10,0.00,0.00,0.01,0.00,0.32,0.00,0.01,0.01,0.03,1.00,0.67
8,0.00,0.04,0.00,0.97,0.08,0.00,0.40,0.00,1.00,0.03,0.22,0.00,0.00,0.11,0.05,0.02,0.00,0.05,0.01,0.02,0.98,0.99
66,0.00,0.35,0.01,0.18,0.01,0.00,0.09,0.01,0.01,0.76,0.10,0.00,0.00,0.02,0.01,0.47,0.01,0.01,0.10,0.01,0.98,0.06
37,0.00,0.06,0.03,0.52,0.09,0.00,0.86,0.00,0.58,0.25,0.07,0.00,0.00,0.15,0.00,0.37,0.00,0.01,0.01,0.01,0.99,0.85
96,0.00,0.31,0.02,0.32,0.04,0.00,0.90,0.00,0.15,0.12,0.02,0.00,0.00,0.04,0.00,0.34,0.00,0.00,1.00,0.02,0.99,0.27
9,0.00,0.04,0.00,0.98,0.08,0.00,0.40,0.00,1.00,0.03,0.17,0.00,0.00,0.12,0.03,0.02,0.00,0.03,0.01,0.02,0.98,0.99
67,0.00,0.21,0.00,0.19,0.01,0.00,0.09,0.00,0.01,0.47,0.10,0.00,0.00,0.02,0.01,0.41,0.01,0.00,0.99,0.02,0.72,0.03
38,0.00,0.03,0.02,0.88,0.09,0.00,0.30,0.00,0.13,0.30,0.12,0.00,0.07,0.13,0.00,0.52,0.00,0.02,0.06,0.01,0.73,0.22
97,0.00,0.94,0.01,0.53,0.02,0.00,0.94,0.00,0.11,0.23,0.08,0.00,0.00,0.01,0.00,0.46,0.00,0.00,0.25,0.06,0.99,0.17
10,0.00,0.07,0.00,0.84,0.12,0.00,0.26,0.00,1.00,0.06,0.10,0.00,0.00,0.08,0.54,0.02,0.00,0.01,0.01,0.05,0.90,0.84
68,0.00,0.05,0.00,0.32,0.02,0.00,0.28,0.00,0.04,0.26,0.11,0.00,0.00,0.02,0.00,0.35,0.00,0.00,0.04,0.16,0.41,0.04
39,0.00,0.03,0.04,0.80,0.05,0.00,0.70,0.00,0.03,0.15,0.05,0.00,0.18,0.04,0.00,0.30,0.00,0.01,0.23,0.03,0.28,0.03
98,0.00,0.87,0.02,0.62,0.03,0.00,1.00,0.00,0.13,0.18,0.12,0.00,0.00,0.01,0.00,0.53,0.00,0.00,0.00,0.01,1.00,0.51
11,0.00,0.07,0.00,0.85,0.12,0.00,0.27,0.00,1.00,0.06,0.10,0.00,0.00,0.08,0.51,0.02,0.00,0.01,0.01,0.05,0.90,0.84
69,0.00,0.01,0.00,0.21,0.04,0.00,0.06,0.00,0.06,0.26,0.03,0.00,0.00,0.03,0.01,0.65,0.01,0.00,0.04,0.04,0.18,0.07
40,0.00,0.04,0.01,0.78,0.03,0.00,0.19,0.00,0.03,0.15,0.08,0.00,0.12,0.06,0.00,0.44,0.00,0.01,0.81,0.01,0.11,0.03
99,0.00,0.41,0.09,0.63,0.03,0.00,0.99,0.00,0.17,0.17,0.02,0.00,0.00,0.01,0.00,0.61,0.00,0.01,0.01,0.01,1.00,0.37
12,0.00,0.09,0.00,0.90,0.14,0.00,0.06,0.00,1.00,0.07,0.03,0.00,0.00,0.07,0.39,0.05,0.01,0.00,0.01,0.03,0.94,0.97
70,0.00,0.03,0.05,0.49,0.05,0.00,0.99,0.00,0.03,0.05,0.01,0.00,0.00,0.03,0.00,0.26,0.00,0.00,0.66,0.05,0.55,0.11
41,0.00,0.10,0.01,0.93,0.02,0.00,0.26,0.00,0.04,0.19,0.13,0.00,0.08,0.03,0.00,0.49,0.00,0.02,0.54,0.01,0.18,0.05
100,0.00,0.32,0.13,0.08,0.01,0.00,0.86,0.00,0.09,0.76,0.25,0.00,0.00,0.01,0.00,0.54,0.00,0.01,0.27,0.01,1.00,0.03
13,0.00,0.00,0.00,0.00,0.02,0.00,0.22,0.00,0.02,0.00,0.00,0.00,0.05,0.48,0.95,0.01,0.38,0.00,0.18,0.06,0.00,0.01
71,0.00,0.16,0.01,0.07,0.01,0.00,0.77,0.00,0.11,0.61,0.22,0.00,0.00,0.02,0.00,0.36,0.00,0.01,0.04,0.26,0.99,0.08
42,0.00,0.04,0.01,0.86,0.03,0.00,0.04,0.00,0.02,0.17,0.08,0.00,0.06,0.04,0.01,0.69,0.00,0.01,0.24,0.01,0.06,0.04
101,0.00,0.11,0.00,0.19,0.01,0.00,0.22,0.00,0.04,0.89,0.56,0.00,0.00,0.00,0.00,0.58,0.01,0.20,0.03,0.01,0.99,0.03
14,0.00,0.02,0.00,0.01,0.01,0.00,1.00,0.00,0.05,0.00,0.00,0.00,0.00,0.66,0.44,0.00,0.04,0.01,0.28,0.07,0.00,0.01
72,0.00,0.02,0.00,0.16,0.01,0.00,0.04,0.00,0.10,0.57,0.04,0.00,0.00,0.01,0.01,0.34,0.01,0.00,0.07,0.44,0.78,0.09
43,0.00,0.05,0.00,0.89,0.02,0.00,0.07,0.00,0.06,0.25,0.17,0.00,0.00,0.03,0.01,0.60,0.00,0.01,0.13,0.05,0.18,0.05
102,0.00,0.21,0.00,0.02,0.00,0.00,0.04,0.00,0.01,0.47,0.04,0.00,0.00,0.01,0.00,0.21,0.01,0.00,0.04,0.89,0.72,0.02
15,0.00,0.01,0.00,0.01,0.01,0.00,0.96,0.00,0.02,0.00,0.00,0.00,0.00,0.67,0.72,0.00,0.06,0.02,0.26,0.08,0.00,0.01
73,0.00,0.03,0.00,0.21,0.01,0.00,0.01,0.00,0.44,0.61,0.04,0.00,0.00,0.01,0.11,0.33,0.01,0.00,0.06,0.25,1.00,0.66
44,0.00,0.07,0.01,0.99,0.06,0.00,0.08,0.00,0.12,0.34,0.71,0.00,0.00,0.25,0.00,0.59,0.00,0.08,0.00,0.01,0.38,0.37
103,0.00,0.47,0.00,0.90,0.02,0.00,0.95,0.00,0.98,0.17,0.46,0.00,0.00,0.03,0.01,0.16,0.00,0.00,0.08,0.04,1.00,0.98
16,0.00,0.07,0.01,0.02,0.01,0.00,1.00,0.00,0.07,0.00,0.01,0.00,0.00,0.70,0.26,0.00,0.02,0.01,0.20,0.07,0.01,0.02
74,0.00,0.15,0.01,0.07,0.00,0.00,0.09,0.00,0.03,0.55,0.09,0.00,0.00,0.00,0.00,0.52,0.00,0.02,0.50,0.18,0.77,0.01
45,0.00,0.10,0.04,1.00,0.04,0.00,0.67,0.00,0.25,0.21,0.74,0.00,0.05,0.15,0.00,0.29,0.00,0.09,0.00,0.03,0.82,0.67
17,0.00,0.01,0.00,0.01,0.01,0.00,0.99,0.00,0.03,0.00,0.00,0.00,0.00,0.71,0.53,0.00,0.05,0.02,0.28,0.09,0.00,0.01
104,0.00,0.93,0.02,0.68,0.04,0.00,1.00,0.00,1.00,0.33,0.19,0.00,0.00,0.02,0.01,0.13,0.00,0.00,0.00,0.01,1.00,1.00
75,0.00,0.49,0.00,0.11,0.00,0.00,0.13,0.00,0.02,0.79,0.25,0.00,0.00,0.00,0.00,0.21,0.00,0.04,0.29,0.13,0.99,0.02
46,0.00,0.05,0.07,0.98,0.03,0.00,0.93,0.00,0.09,0.24,0.12,0.00,0.07,0.12,0.00,0.19,0.00,0.05,0.01,0.06,0.95,0.45
18,0.00,0.01,0.00,0.01,0.01,0.00,0.97,0.00,0.02,0.00,0.00,0.00,0.00,0.67,0.70,0.00,0.06,0.02,0.26,0.08,0.00,0.01
105,0.00,0.09,0.03,0.08,0.03,0.00,0.74,0.00,0.12,0.10,0.01,0.00,0.00,0.07,0.00,0.26,0.01,0.00,0.14,0.14,0.63,0.21
76,0.00,0.12,0.00,0.25,0.01,0.00,0.29,0.00,0.10,0.05,0.10,0.00,0.00,0.05,0.02,0.24,0.00,0.00,0.27,0.29,0.04,0.06
47,0.00,0.05,0.02,0.32,0.03,0.00,0.82,0.00,0.03,0.21,0.01,0.00,0.00,0.06,0.00,0.27,0.00,0.00,0.13,0.05,0.97,0.18
19,0.00,0.94,0.05,0.87,0.02,0.00,1.00,0.01,0.02,0.05,0.03,0.00,0.00,0.02,0.00,0.15,0.00,0.00,0.05,0.12,0.41,0.30
106,0.00,0.15,0.00,0.22,0.03,0.00,0.68,0.00,0.07,0.48,0.07,0.00,0.00,0.11,0.01,0.13,0.00,0.01,0.09,0.03,1.00,0.30
77,0.00,0.09,0.00,0.38,0.01,0.00,0.04,0.00,0.02,0.09,0.07,0.00,0.00,0.03,0.02,0.28,0.00,0.00,0.34,0.84,0.05,0.03
48,0.00,0.07,0.53,0.75,0.04,0.00,0.98,0.00,0.99,0.37,0.02,0.00,0.05,0.04,0.00,0.09,0.00,0.00,0.01,0.07,1.00,0.89
107,0.00,0.15,0.01,0.10,0.01,0.00,0.81,0.00,0.02,0.35,0.01,0.00,0.00,0.24,0.00,0.03,0.00,0.00,0.37,0.80,0.97,0.07
20,0.00,0.36,0.02,0.09,0.01,0.00,0.56,0.03,0.98,0.99,0.24,0.00,0.00,0.01,0.00,0.04,0.01,0.80,0.01,0.03,1.00,0.09
78,0.00,0.52,0.11,0.07,0.01,0.00,0.94,0.00,0.35,0.83,0.06,0.00,0.00,0.03,0.00,0.33,0.00,0.02,0.00,0.00,1.00,0.41
49,0.00,0.07,0.03,0.20,0.08,0.00,0.98,0.00,0.97,0.22,0.01,0.00,0.00,0.07,0.00,0.20,0.00,0.00,0.01,0.01,1.00,0.90
108,0.00,0.19,0.02,0.26,0.01,0.00,0.79,0.00,0.04,0.19,0.02,0.00,0.00,0.20,0.00,0.11,0.00,0.00,0.94,0.31,0.93,0.09
21,0.00,0.68,0.00,0.88,0.02,0.00,0.17,0.00,0.26,0.31,1.00,0.00,0.00,0.01,0.02,0.75,0.01,0.05,0.00,0.02,0.66,0.27
79,0.00,0.79,0.06,0.07,0.02,0.00,0.70,0.00,0.45,0.58,0.10,0.00,0.00,0.04,0.00,0.52,0.00,0.01,0.00,0.00,1.00,0.49
50,0.00,0.26,0.02,0.24,0.03,0.00,0.99,0.00,0.84,0.25,0.05,0.00,0.00,0.03,0.00,0.10,0.00,0.05,0.00,0.00,1.00,0.86
22,0.00,0.00,0.00,0.00,0.02,0.00,0.22,0.00,0.02,0.00,0.00,0.00,0.05,0.48,0.95,0.01,0.38,0.00,0.18,0.06,0.00,0.01
109,0.00,0.32,0.01,0.28,0.01,0.00,0.26,0.01,0.03,0.20,0.06,0.00,0.00,0.03,0.01,0.26,0.00,0.00,0.99,0.05,0.29,0.04
80,0.00,0.26,0.00,0.03,0.02,0.00,0.93,0.00,0.97,0.25,0.01,0.00,0.00,0.84,0.00,0.03,0.00,0.00,0.04,0.02,1.00,0.96
51,0.00,0.77,0.07,0.55,0.05,0.00,1.00,0.01,0.96,0.29,0.08,0.00,0.00,0.01,0.00,0.05,0.00,0.12,0.00,0.01,1.00,0.78
23,0.00,0.00,0.00,0.00,0.02,0.00,0.22,0.00,0.02,0.00,0.00,0.00,0.05,0.48,0.95,0.01,0.38,0.00,0.18,0.06,0.00,0.01
110,0.00,0.06,0.03,0.03,0.01,0.00,0.35,0.00,0.90,0.95,0.04,0.00,0.00,0.03,0.00,0.60,0.00,0.06,0.01,0.00,1.00,0.32
81,0.00,0.02,0.13,0.46,0.10,0.00,0.99,0.00,0.17,0.07,0.01,0.00,0.00,0.05,0.00,0.39,0.00,0.00,0.01,0.07,0.91,0.18
52,0.00,0.05,0.01,0.44,0.05,0.00,0.89,0.00,0.81,0.04,0.03,0.00,0.00,0.01,0.04,0.34,0.00,0.01,0.01,0.10,0.94,0.64
24,0.00,0.00,0.00,0.00,0.02,0.00,0.22,0.00,0.02,0.00,0.00,0.00,0.05,0.48,0.95,0.01,0.38,0.00,0.18,0.06,0.00,0.01
111,0.00,0.06,0.01,0.02,0.01,0.00,0.14,0.00,0.25,0.97,0.07,0.00,0.00,0.01,0.00,0.77,0.01,0.04,0.01,0.01,1.00,0.11
82,0.00,0.00,0.08,0.06,0.07,0.00,0.63,0.00,0.69,0.41,0.00,0.00,0.00,0.55,0.00,0.05,0.01,0.00,0.73,0.07,1.00,0.18
53,0.00,0.07,0.02,0.38,0.02,0.00,0.98,0.00,0.17,0.09,0.07,0.00,0.00,0.03,0.00,0.59,0.00,0.00,0.08,0.05,0.86,0.10
25,0.00,0.00,0.00,0.00,0.02,0.00,0.21,0.00,0.02,0.00,0.00,0.00,0.05,0.48,0.95,0.01,0.38,0.00,0.18,0.06,0.00,0.01
112,0.00,0.90,0.00,0.06,0.03,0.00,0.22,0.00,0.40,0.81,0.25,0.00,0.00,0.06,0.01,0.06,0.00,0.02,0.01,0.01,1.00,0.76
83,0.00,0.02,0.00,0.17,0.05,0.00,0.03,0.00,0.01,0.25,0.01,0.00,0.00,0.12,0.00,0.75,0.00,0.00,0.42,0.14,0.24,0.01
54,0.00,0.86,0.01,0.35,0.02,0.00,0.98,0.02,0.49,0.11,0.29,0.00,0.00,0.06,0.01,0.05,0.03,0.15,0.00,0.01,1.00,0.89
26,0.00,0.00,0.00,0.00,0.02,0.00,0.22,0.00,0.02,0.00,0.00,0.00,0.05,0.48,0.95,0.01,0.38,0.00,0.18,0.06,0.00,0.01
113,0.00,0.08,0.00,0.07,0.02,0.00,0.58,0.00,0.92,0.43,0.17,0.00,0.00,0.02,0.03,0.14,0.00,0.01,0.01,0.09,1.00,0.20
84,0.00,0.08,0.00,0.02,0.00,0.00,0.08,0.00,0.18,1.00,0.09,0.00,0.00,0.01,0.00,0.19,0.01,0.23,0.08,0.00,1.00,0.07
55,0.00,0.89,0.01,0.22,0.04,0.00,0.99,0.02,0.71,0.06,0.55,0.00,0.00,0.03,0.01,0.04,0.03,0.15,0.00,0.02,1.00,0.93
27,0.00,0.00,0.00,0.00,0.02,0.00,0.22,0.00,0.02,0.00,0.00,0.00,0.05,0.48,0.95,0.01,0.38,0.00,0.18,0.06,0.00,0.01
114,0.00,0.04,0.04,0.26,0.02,0.00,0.20,0.00,0.66,0.26,0.01,0.00,0.00,0.02,0.00,0.86,0.00,0.02,0.01,0.03,0.87,0.10
85,0.00,0.07,0.00,0.05,0.00,0.00,0.05,0.00,0.09,0.99,0.07,0.00,0.00,0.01,0.00,0.37,0.01,0.07,0.06,0.00,1.00,0.06
56,0.00,0.29,0.01,0.31,0.00,0.00,0.94,0.01,0.27,0.13,0.38,0.00,0.00,0.05,0.01,0.14,0.03,0.06,0.02,0.03,0.97,0.37
28,0.00,0.01,0.00,0.10,0.01,0.00,0.00,0.00,0.08,0.94,0.01,0.00,0.00,0.02,0.07,0.85,0.01,0.00,0.13,0.11,0.83,0.09
115,0.00,0.05,0.01,0.08,0.01,0.00,0.23,0.00,0.02,0.30,0.01,0.00,0.00,0.04,0.00,0.76,0.00,0.00,0.16,0.05,0.99,0.02
86,0.00,0.33,0.04,0.57,0.02,0.00,1.00,0.00,0.36,0.25,0.04,0.00,0.00,0.05,0.00,0.05,0.00,0.00,0.04,0.03,1.00,0.71
57,0.00,0.22,0.02,0.24,0.00,0.00,0.78,0.00,0.50,0.07,0.15,0.00,0.00,0.07,0.01,0.18,0.00,0.00,0.28,0.09,0.35,0.14
116,0.00,0.16,0.00,0.02,0.00,0.00,0.18,0.01,0.01,0.42,0.05,0.00,0.00,0.01,0.00,0.42,0.01,0.02,0.31,0.05,0.95,0.01
145,0.00,0.10,0.02,0.49,0.01,0.00,0.56,0.02,0.13,0.23,0.13,0.00,0.00,0.01,0.02,0.21,0.01,0.03,0.02,0.02,0.81,0.19
174,0.00,0.55,0.00,0.07,0.01,0.00,0.03,0.02,0.16,0.91,0.80,0.00,0.00,0.01,0.03,0.10,0.01,0.24,0.09,0.05,1.00,0.27
203,0.00,0.02,0.22,0.52,0.09,0.00,0.22,0.00,0.01,0.12,0.43,0.00,0.00,0.02,0.00,0.23,0.01,0.01,0.01,0.06,0.76,0.03
117,0.00,0.59,0.00,0.05,0.01,0.00,0.10,0.01,0.01,0.43,0.02,0.00,0.00,0.00,0.00,0.58,0.01,0.01,0.04,0.04,0.98,0.02
146,0.00,0.50,0.15,0.40,0.02,0.00,0.98,0.00,0.12,0.52,0.12,0.00,0.00,0.02,0.00,0.25,0.00,0.17,0.00,0.01,1.00,0.68
175,0.00,0.65,0.00,0.06,0.01,0.00,0.12,0.02,0.01,0.90,0.97,0.00,0.00,0.01,0.01,0.14,0.02,0.12,0.03,0.00,1.00,0.06
204,0.00,0.02,0.02,0.82,0.01,0.00,0.39,0.00,0.02,0.28,0.08,0.00,0.00,0.03,0.01,0.47,0.01,0.01,0.10,0.02,0.46,0.02
118,0.00,1.00,0.03,0.06,0.00,0.00,0.99,0.00,0.90,0.77,0.20,0.00,0.00,0.02,0.00,0.08,0.00,0.03,0.00,0.00,1.00,0.94
147,0.00,0.60,0.29,0.08,0.01,0.00,0.93,0.00,0.12,0.95,0.06,0.00,0.10,0.00,0.00,0.12,0.00,0.07,0.18,0.01,1.00,0.04
176,0.00,0.97,0.00,0.06,0.01,0.00,0.39,0.04,0.07,0.86,0.99,0.00,0.00,0.00,0.08,0.05,0.01,0.57,0.02,0.01,1.00,0.48
205,0.00,0.07,0.01,0.75,0.01,0.00,0.54,0.00,0.07,0.10,0.46,0.00,0.00,0.05,0.00,0.30,0.03,0.04,0.08,0.02,0.10,0.09
119,0.00,0.79,0.00,0.09,0.01,0.00,0.39,0.00,0.42,0.90,0.05,0.00,0.00,0.02,0.01,0.16,0.00,0.00,0.03,0.16,1.00,0.36
148,0.00,0.87,0.09,0.35,0.01,0.00,0.70,0.00,0.06,0.93,0.26,0.00,0.14,0.00,0.00,0.12,0.00,0.26,0.11,0.00,1.00,0.06
177,0.00,0.94,0.00,0.27,0.01,0.00,0.19,0.03,0.17,0.88,0.85,0.00,0.00,0.01,0.08,0.09,0.01,0.32,0.01,0.01,1.00,0.30
206,0.00,0.84,0.00,0.58,0.03,0.00,0.97,0.01,0.05,0.08,0.98,0.00,0.00,0.02,0.03,0.06,0.05,0.66,0.00,0.00,0.99,0.12
120,0.00,0.59,0.00,0.31,0.01,0.00,0.18,0.01,0.10,0.15,0.29,0.00,0.00,0.00,0.02,0.24,0.01,0.01,0.01,0.43,0.71,0.13
149,0.00,0.44,0.01,0.89,0.00,0.00,0.34,0.01,0.01,0.99,0.98,0.01,0.17,0.00,0.00,0.08,0.00,1.00,0.04,0.01,1.00,0.09
178,0.00,0.77,0.01,0.10,0.01,0.01,0.96,0.00,0.92,0.42,0.02,0.00,0.00,0.73,0.00,0.03,0.00,0.01,0.01,0.01,1.00,0.93
207,0.00,0.29,0.00,0.29,0.04,0.00,0.48,0.01,0.03,0.16,0.95,0.00,0.00,0.01,0.02,0.27,0.07,0.25,0.00,0.00,0.89,0.08
121,0.00,0.12,0.00,0.60,0.01,0.00,0.16,0.00,0.70,0.13,0.10,0.00,0.00,0.02,0.03,0.15,0.00,0.00,0.01,0.91,0.70,0.36
150,0.00,0.17,0.00,1.00,0.00,0.00,0.16,0.03,0.01,0.75,1.00,0.00,0.07,0.00,0.01,0.14,0.01,1.00,0.06,0.01,0.93,0.15
179,0.00,1.00,0.00,0.07,0.04,0.00,0.97,0.01,0.42,0.37,0.02,0.00,0.00,0.21,0.07,0.02,0.01,0.00,0.01,0.01,1.00,0.72
208,0.00,0.11,0.00,0.46,0.03,0.00,0.06,0.00,0.13,0.06,0.51,0.00,0.00,0.04,0.14,0.84,0.01,0.02,0.01,0.04,0.16,0.14
122,0.00,0.81,0.01,0.76,0.02,0.00,0.81,0.00,0.39,0.74,0.69,0.00,0.00,0.01,0.00,0.11,0.00,0.33,0.00,0.00,1.00,0.50
151,0.00,0.62,0.01,1.00,0.01,0.00,0.94,0.04,0.24,0.32,0.85,0.00,0.00,0.00,0.00,0.15,0.01,0.94,0.00,0.01,0.99,0.59
180,0.00,0.25,0.01,0.01,0.00,0.00,0.79,0.00,0.98,0.86,0.23,0.00,0.00,0.04,0.00,0.11,0.00,0.20,0.01,0.00,1.00,0.74
209,0.00,0.03,0.00,0.99,0.02,0.00,0.03,0.00,0.06,0.10,0.75,0.00,0.00,0.04,0.37,0.20,0.09,0.24,0.01,0.00,0.28,0.05
123,0.00,0.02,0.00,0.36,0.08,0.00,0.64,0.00,0.27,0.18,0.04,0.00,0.00,0.06,0.00,0.26,0.00,0.00,0.02,0.07,0.99,0.36
152,0.00,0.35,0.01,0.83,0.01,0.00,0.99,0.05,0.27,0.15,0.91,0.00,0.00,0.00,0.01,0.08,0.01,0.85,0.01,0.26,0.99,0.34
181,0.00,0.03,0.01,0.03,0.00,0.00,0.83,0.00,0.92,0.80,0.20,0.00,0.00,0.03,0.00,0.33,0.00,0.10,0.00,0.01,1.00,0.56
210,0.00,0.01,0.00,0.19,0.01,0.00,0.01,0.00,0.12,0.15,0.03,0.00,0.00,0.04,0.32,0.38,0.01,0.00,0.11,0.27,0.15,0.12
124,0.00,0.01,0.00,0.10,0.01,0.00,0.01,0.00,0.01,0.10,0.01,0.00,0.00,0.03,0.03,0.22,0.02,0.00,0.15,1.00,0.04,0.02
153,0.00,0.83,0.00,0.94,0.00,0.00,0.87,0.08,0.11,0.78,0.25,0.00,0.00,0.00,0.00,0.02,0.01,0.97,0.40,0.92,1.00,0.09
182,0.00,0.97,0.00,0.05,0.01,0.00,1.00,0.00,1.00,0.59,0.10,0.00,0.00,0.03,0.00,0.01,0.01,0.16,0.01,0.01,1.00,0.99
211,0.00,0.40,0.02,0.22,0.01,0.00,0.92,0.00,0.06,0.30,0.08,0.00,0.00,0.05,0.00,0.13,0.01,0.01,0.05,0.06,0.99,0.40
125,0.00,0.10,0.01,0.01,0.01,0.00,0.29,0.00,0.31,0.82,0.01,0.00,0.00,0.01,0.01,0.70,0.01,0.00,0.05,0.06,1.00,0.20
154,0.00,0.01,0.00,0.09,0.01,0.00,0.01,0.00,0.02,0.02,0.01,0.00,0.00,0.19,0.16,0.10,0.01,0.00,0.12,1.00,0.00,0.01
183,0.00,0.94,0.00,0.09,0.01,0.00,1.00,0.02,0.92,0.64,0.56,0.00,0.00,0.03,0.00,0.01,0.01,0.67,0.01,0.01,1.00,0.92
212,0.00,0.52,0.03,0.24,0.01,0.00,0.87,0.00,0.08,0.32,0.01,0.00,0.00,0.08,0.00,0.14,0.01,0.00,0.12,0.05,0.98,0.22
126,0.00,0.96,0.01,0.01,0.01,0.00,0.65,0.01,0.05,0.99,0.15,0.00,0.00,0.00,0.00,0.08,0.00,0.50,0.02,0.00,1.00,0.06
155,0.00,0.02,0.00,0.00,0.01,0.00,0.02,0.01,0.11,0.10,0.01,0.03,0.00,0.00,0.03,0.01,0.99,0.89,0.03,0.99,0.41,0.08
184,0.00,0.90,0.00,0.13,0.00,0.00,0.99,0.01,0.96,0.85,0.83,0.00,0.00,0.04,0.00,0.02,0.01,0.71,0.01,0.01,1.00,0.95
213,0.00,0.27,0.02,0.23,0.01,0.00,0.78,0.00,0.06,0.25,0.08,0.00,0.00,0.05,0.00,0.23,0.01,0.01,0.07,0.16,0.93,0.25
127,0.00,0.03,0.00,0.00,0.01,0.01,0.02,0.00,0.05,0.34,0.02,0.02,0.00,0.00,0.04,0.01,0.99,0.96,0.05,0.87,0.89,0.10
156,0.00,0.96,0.00,0.28,0.01,0.00,0.12,0.01,0.03,0.30,0.97,0.00,0.00,0.01,0.04,0.07,0.03,0.18,0.00,0.13,0.84,0.07
185,0.00,0.72,0.00,0.16,0.00,0.00,1.00,0.01,0.92,0.76,0.51,0.00,0.00,0.09,0.00,0.02,0.01,0.54,0.01,0.02,1.00,0.94
214,0.00,0.71,0.03,0.11,0.02,0.00,1.00,0.00,0.73,0.45,0.04,0.00,0.00,0.04,0.00,0.09,0.00,0.00,0.03,0.03,1.00,0.92
128,0.00,0.75,0.00,0.09,0.01,0.00,0.16,0.02,0.05,0.87,0.21,0.00,0.00,0.01,0.00,0.49,0.01,0.09,0.01,0.00,1.00,0.10
157,0.00,0.88,0.00,0.08,0.01,0.00,0.16,0.03,0.02,0.83,0.49,0.00,0.00,0.01,0.02,0.11,0.02,0.65,0.08,0.12,1.00,0.09
186,0.00,0.39,0.00,0.04,0.00,0.00,0.22,0.01,0.09,0.80,0.88,0.00,0.00,0.03,0.01,0.05,0.01,0.55,0.11,0.00,0.99,0.19
215,0.00,0.25,0.03,0.06,0.01,0.00,0.98,0.00,0.72,0.71,0.02,0.00,0.00,0.04,0.00,0.12,0.00,0.00,0.07,0.04,1.00,0.84
129,0.00,0.49,0.00,0.08,0.02,0.00,0.17,0.01,0.05,0.72,0.63,0.00,0.00,0.01,0.00,0.50,0.02,0.12,0.01,0.00,1.00,0.16
158,0.00,0.38,0.00,0.25,0.02,0.00,0.18,0.01,0.01,0.95,0.13,0.00,0.00,0.00,0.00,0.68,0.01,0.06,0.01,0.01,1.00,0.03
187,0.00,0.97,0.01,0.04,0.01,0.01,1.00,0.00,0.83,0.12,0.07,0.00,0.00,0.37,0.00,0.01,0.01,0.06,0.00,0.00,1.00,0.97
216,0.00,0.14,0.03,0.06,0.01,0.00,0.98,0.00,0.85,0.68,0.01,0.00,0.00,0.06,0.00,0.10,0.00,0.00,0.13,0.04,1.00,0.81
130,0.00,0.99,0.00,0.07,0.01,0.00,0.49,0.01,0.11,0.26,0.65,0.00,0.00,0.03,0.01,0.07,0.01,0.03,0.02,0.00,1.00,0.25
159,0.00,0.44,0.00,0.23,0.01,0.00,0.17,0.01,0.01,0.93,0.30,0.00,0.00,0.00,0.00,0.72,0.01,0.07,0.01,0.00,1.00,0.04
188,0.00,0.91,0.00,0.12,0.01,0.00,1.00,0.00,0.98,0.21,0.08,0.00,0.00,0.25,0.00,0.02,0.00,0.04,0.00,0.00,1.00,1.00
217,0.00,0.15,0.04,0.06,0.01,0.00,0.96,0.00,0.35,0.88,0.01,0.00,0.00,0.09,0.00,0.11,0.00,0.00,0.17,0.05,1.00,0.55
131,0.00,0.11,0.00,0.04,0.01,0.00,0.21,0.01,0.04,0.43,0.13,0.00,0.05,0.00,0.00,0.28,0.04,0.29,0.10,0.03,0.86,0.03
160,0.00,0.33,0.00,0.38,0.01,0.00,0.09,0.00,0.02,0.54,0.33,0.00,0.00,0.01,0.03,0.50,0.01,0.00,0.02,0.19,0.68,0.08
189,0.00,0.91,0.01,0.03,0.00,0.01,1.00,0.01,0.80,0.14,0.11,0.00,0.00,0.04,0.00,0.01,0.00,0.61,0.01,0.00,1.00,0.98
218,0.00,0.16,0.04,0.07,0.01,0.00,0.98,0.00,0.34,0.89,0.01,0.00,0.00,0.05,0.00,0.10,0.00,0.00,0.12,0.07,1.00,0.59
132,0.00,0.17,0.00,0.01,0.00,0.00,0.10,0.00,0.10,0.88,0.06,0.00,0.06,0.00,0.00,0.18,0.02,0.07,0.87,0.11,1.00,0.05
161,0.00,0.79,0.00,0.32,0.01,0.00,0.39,0.00,0.05,0.76,0.50,0.00,0.00,0.01,0.01,0.21,0.01,0.01,0.02,0.05,1.00,0.15
190,0.00,0.81,0.01,0.02,0.00,0.01,1.00,0.01,0.64,0.20,0.40,0.00,0.00,0.03,0.00,0.01,0.00,0.91,0.03,0.00,1.00,0.96
219,0.00,0.72,0.01,0.08,0.01,0.00,0.40,0.01,0.43,0.80,0.25,0.00,0.00,0.09,0.00,0.22,0.00,0.01,0.04,0.02,1.00,0.66
133,0.00,0.68,0.04,0.96,0.01,0.00,0.83,0.01,0.00,0.83,0.12,0.00,0.21,0.02,0.00,0.13,0.00,0.01,0.01,0.01,0.95,0.02
191,0.00,0.91,0.01,0.01,0.00,0.01,1.00,0.01,0.78,0.18,0.22,0.00,0.00,0.05,0.00,0.01,0.00,0.66,0.02,0.00,1.00,0.93
162,0.00,0.86,0.00,0.14,0.01,0.00,0.15,0.01,0.05,0.11,0.23,0.00,0.00,0.01,0.01,0.24,0.01,0.02,0.33,0.04,0.37,0.04
220,0.00,0.25,0.02,0.08,0.01,0.00,0.34,0.01,0.48,0.90,0.10,0.00,0.00,0.14,0.00,0.24,0.00,0.00,0.12,0.04,1.00,0.60
134,0.00,0.82,0.06,0.44,0.01,0.00,0.61,0.01,0.01,0.85,0.91,0.00,0.13,0.03,0.00,0.09,0.00,0.75,0.00,0.01,0.98,0.05
192,0.00,0.89,0.01,0.02,0.01,0.00,1.00,0.00,0.97,0.29,0.09,0.00,0.00,0.42,0.00,0.01,0.00,0.03,0.01,0.00,1.00,0.97
163,0.00,0.88,0.01,0.32,0.00,0.00,0.18,0.01,0.04,0.32,0.07,0.00,0.00,0.01,0.02,0.23,0.00,0.00,0.00,0.64,0.76,0.10
221,0.00,0.12,0.01,0.07,0.01,0.00,0.25,0.00,0.52,0.95,0.06,0.00,0.00,0.16,0.00,0.21,0.00,0.00,0.21,0.06,1.00,0.49
135,0.00,0.47,0.01,0.97,0.01,0.00,0.49,0.01,0.01,0.57,0.95,0.00,0.00,0.01,0.00,0.25,0.00,0.06,0.00,0.03,0.97,0.10
193,0.00,0.95,0.01,0.01,0.01,0.00,1.00,0.00,0.98,0.34,0.10,0.00,0.00,0.39,0.00,0.01,0.01,0.03,0.01,0.00,1.00,0.99
222,0.00,0.14,0.04,0.06,0.01,0.00,0.59,0.00,0.82,0.89,0.06,0.00,0.00,0.34,0.00,0.17,0.00,0.00,0.15,0.04,1.00,0.67
164,0.00,1.00,0.01,0.01,0.01,0.00,0.16,0.01,0.04,0.94,0.75,0.00,0.00,0.03,0.02,0.11,0.04,0.12,0.00,0.00,1.00,0.16
136,0.00,0.92,0.00,0.39,0.01,0.00,0.27,0.04,0.01,0.77,0.41,0.00,0.00,0.00,0.00,0.24,0.01,0.10,0.03,0.01,0.99,0.08
194,0.00,0.84,0.00,0.04,0.01,0.00,0.99,0.00,1.00,0.66,0.07,0.00,0.00,0.11,0.00,0.03,0.00,0.00,0.01,0.12,1.00,1.00
223,0.00,0.06,0.03,0.05,0.01,0.00,0.48,0.00,0.87,0.87,0.04,0.00,0.00,0.43,0.00,0.15,0.00,0.00,0.28,0.07,1.00,0.57
165,0.00,0.61,0.01,0.77,0.02,0.00,0.10,0.02,0.06,0.68,0.97,0.00,0.00,0.03,0.02,0.50,0.01,0.02,0.01,0.06,0.97,0.25
137,0.00,0.50,0.00,0.74,0.02,0.00,0.15,0.01,0.03,0.58,0.55,0.00,0.00,0.01,0.01,0.23,0.00,0.02,0.01,0.08,0.98,0.18
195,0.00,0.43,0.00,0.01,0.00,0.00,0.13,0.01,0.09,1.00,0.12,0.00,0.00,0.01,0.01,0.19,0.00,0.01,0.03,0.01,1.00,0.15
224,0.00,0.05,0.04,0.06,0.01,0.00,0.46,0.00,0.89,0.83,0.03,0.00,0.00,0.43,0.00,0.16,0.00,0.00,0.30,0.07,1.00,0.58
166,0.00,0.37,0.00,0.04,0.00,0.00,0.20,0.01,0.12,0.61,0.05,0.00,0.00,0.09,0.02,0.16,0.01,0.03,0.06,0.06,1.00,0.18
138,0.00,0.13,0.01,0.99,0.01,0.00,0.44,0.00,0.02,0.21,0.96,0.00,0.00,0.01,0.00,0.34,0.00,0.10,0.00,0.03,0.41,0.10
196,0.00,0.12,0.00,0.05,0.00,0.00,0.02,0.00,0.01,1.00,0.12,0.00,0.00,0.03,0.00,0.12,0.01,0.00,0.18,0.02,1.00,0.03
225,0.00,0.07,0.04,0.07,0.01,0.00,0.54,0.00,0.87,0.83,0.03,0.00,0.00,0.38,0.00,0.17,0.00,0.00,0.29,0.05,1.00,0.62
167,0.00,0.20,0.00,0.23,0.01,0.00,0.40,0.02,0.26,0.80,0.16,0.00,0.00,0.03,0.01,0.09,0.01,0.05,0.14,0.05,1.00,0.43
139,0.00,0.96,0.03,0.88,0.01,0.00,0.65,0.00,0.08,0.71,0.99,0.00,0.00,0.01,0.00,0.23,0.00,0.24,0.00,0.00,1.00,0.29
197,0.00,0.66,0.00,0.09,0.01,0.00,0.07,0.01,0.01,1.00,0.29,0.00,0.00,0.01,0.00,0.19,0.01,0.02,0.03,0.03,1.00,0.03
226,0.00,0.04,0.03,0.06,0.01,0.00,0.46,0.00,0.89,0.81,0.03,0.00,0.00,0.44,0.00,0.15,0.00,0.00,0.38,0.07,1.00,0.57
168,0.00,0.28,0.00,0.37,0.00,0.00,0.11,0.00,0.11,0.93,0.05,0.00,0.00,0.04,0.01,0.14,0.00,0.00,0.49,0.12,1.00,0.18
140,0.00,0.57,0.01,0.83,0.01,0.00,0.07,0.00,0.12,0.97,0.65,0.00,0.07,0.01,0.00,0.13,0.01,0.08,0.00,0.01,1.00,0.15
198,0.00,0.69,0.00,0.02,0.01,0.00,0.07,0.00,0.00,0.98,0.17,0.00,0.00,0.00,0.00,0.31,0.01,0.02,0.04,0.05,0.97,0.01
227,0.00,0.05,0.03,0.05,0.01,0.00,0.47,0.00,0.89,0.87,0.03,0.00,0.00,0.41,0.00,0.14,0.00,0.00,0.33,0.07,1.00,0.59
169,0.00,0.66,0.00,0.09,0.00,0.00,0.63,0.01,0.04,0.99,0.50,0.00,0.00,0.01,0.00,0.07,0.00,0.17,0.02,0.01,1.00,0.13
141,0.00,0.45,0.00,0.73,0.01,0.00,0.02,0.00,0.05,0.83,0.39,0.00,0.00,0.01,0.01,0.23,0.01,0.03,0.01,0.01,0.71,0.08
199,0.00,0.51,0.00,0.43,0.01,0.00,0.41,0.02,0.06,0.31,0.78,0.00,0.00,0.01,0.01,0.15,0.01,0.04,0.08,0.05,0.99,0.11
228,0.00,0.04,0.03,0.06,0.01,0.00,0.35,0.00,0.89,0.89,0.05,0.00,0.00,0.42,0.00,0.17,0.00,0.00,0.36,0.06,1.00,0.53
170,0.00,0.97,0.01,0.05,0.01,0.00,0.41,0.02,0.01,0.93,0.49,0.00,0.00,0.00,0.00,0.12,0.02,0.12,0.00,0.00,1.00,0.04
142,0.00,0.86,0.00,0.55,0.01,0.00,0.09,0.01,0.01,0.66,0.77,0.00,0.00,0.01,0.00,0.44,0.01,0.02,0.01,0.06,0.78,0.03
200,0.00,0.63,0.00,0.23,0.00,0.00,0.02,0.01,0.01,0.90,0.26,0.00,0.00,0.00,0.01,0.18,0.01,0.02,0.45,0.07,0.99,0.03
229,0.00,0.04,0.03,0.06,0.01,0.00,0.24,0.00,0.93,0.93,0.05,0.00,0.00,0.45,0.00,0.22,0.00,0.00,0.30,0.06,1.00,0.46
171,0.00,0.26,0.00,0.26,0.01,0.00,0.02,0.01,0.06,0.93,0.26,0.00,0.00,0.01,0.02,0.37,0.02,0.01,0.01,0.00,0.99,0.07
143,0.00,0.07,0.01,0.14,0.00,0.00,0.67,0.00,0.05,0.64,0.02,0.00,0.00,0.02,0.00,0.10,0.00,0.04,0.91,0.20,0.99,0.03
201,0.00,0.24,0.00,0.39,0.00,0.00,0.04,0.02,0.01,0.42,0.77,0.00,0.00,0.00,0.03,0.22,0.01,0.18,0.23,0.06,0.85,0.15
230,0.00,0.07,0.02,0.16,0.01,0.00,0.11,0.00,0.08,0.75,0.05,0.00,0.00,0.20,0.00,0.51,0.00,0.01,0.10,0.20,1.00,0.05
172,0.00,0.02,0.00,0.82,0.01,0.00,0.05,0.00,0.12,0.83,0.65,0.00,0.00,0.01,0.02,0.26,0.02,0.11,0.02,0.01,0.96,0.05
144,0.00,0.03,0.01,0.27,0.02,0.00,1.00,0.00,0.74,0.15,0.00,0.00,0.00,0.12,0.01,0.11,0.00,0.00,0.01,0.35,1.00,0.80
202,0.00,0.11,0.12,0.04,0.01,0.00,0.23,0.02,0.74,0.98,0.58,0.00,0.00,0.00,0.05,0.03,0.00,0.30,0.01,0.08,1.00,0.27
231,0.00,0.41,0.01,0.20,0.00,0.00,0.84,0.00,0.05,0.40,0.07,0.00,0.00,0.02,0.00,0.13,0.00,0.02,0.13,0.19,0.98,0.07
173,0.00,0.17,0.00,0.15,0.01,0.00,0.02,0.03,0.01,0.32,0.99,0.00,0.00,0.00,0.07,0.32,0.01,0.54,0.04,0.02,0.60,0.08
232,0.00,0.01,0.00,0.87,0.02,0.00,0.80,0.00,0.27,0.14,0.03,0.00,0.00,0.55,0.00,0.10,0.00,0.03,0.09,0.07,1.00,0.44
261,0.00,0.26,0.01,0.71,0.05,0.00,0.09,0.00,0.56,0.64,0.62,0.00,0.00,0.03,0.08,0.50,0.02,0.05,0.00,0.01,0.91,0.40
290,0.00,0.73,0.00,0.25,0.01,0.00,0.08,0.01,0.03,0.78,0.93,0.00,0.00,0.00,0.07,0.06,0.01,0.87,0.05,0.22,0.95,0.11
319,0.00,0.96,0.02,0.03,0.00,0.00,0.89,0.00,0.96,0.99,0.48,0.00,0.00,0.03,0.00,0.07,0.00,0.17,0.01,0.00,1.00,0.97
233,0.00,0.05,0.00,0.42,0.01,0.00,0.16,0.00,0.06,0.15,0.56,0.00,0.00,0.03,0.07,0.30,0.03,0.05,0.00,0.30,0.17,0.07
262,0.00,0.08,0.00,0.72,0.01,0.00,0.06,0.00,0.03,0.43,0.36,0.00,0.00,0.01,0.00,0.57,0.01,0.03,0.00,0.02,0.82,0.15
291,0.00,0.28,0.00,0.40,0.01,0.00,0.03,0.01,0.01,0.45,0.64,0.00,0.00,0.00,0.04,0.19,0.02,0.04,0.14,0.11,0.69,0.04
320,0.00,0.99,0.11,0.05,0.01,0.00,0.96,0.11,0.01,0.49,0.52,0.00,0.00,0.00,0.02,0.03,0.00,0.98,0.03,0.00,1.00,0.33
234,0.00,0.18,0.01,1.00,0.01,0.00,0.63,0.01,0.49,0.34,0.51,0.00,0.00,0.02,0.05,0.25,0.03,0.03,0.00,0.02,0.99,0.17
263,0.00,0.22,0.03,0.68,0.02,0.00,0.10,0.00,0.03,0.63,0.94,0.01,0.00,0.03,0.00,0.50,0.00,0.12,0.00,0.01,0.90,0.10
292,0.00,0.28,0.01,0.06,0.00,0.00,0.15,0.00,0.99,0.55,0.02,0.00,0.00,0.10,0.00,0.11,0.00,0.00,0.21,0.04,1.00,0.81
321,0.00,0.99,0.04,0.07,0.02,0.00,0.81,0.09,0.01,0.35,0.45,0.00,0.00,0.00,0.02,0.06,0.01,0.57,0.02,0.00,0.99,0.16
235,0.00,0.93,0.02,0.13,0.01,0.00,0.60,0.00,0.06,0.21,0.25,0.00,0.00,0.01,0.00,0.44,0.01,0.05,0.01,0.13,0.44,0.03
264,0.00,0.05,0.00,0.24,0.01,0.00,0.09,0.01,0.14,0.14,0.56,0.00,0.00,0.01,0.02,0.35,0.02,0.06,0.01,0.05,0.58,0.14
293,0.00,0.02,0.00,0.09,0.02,0.00,0.38,0.00,0.92,0.19,0.00,0.00,0.00,0.38,0.17,0.07,0.01,0.00,0.11,0.99,1.00,0.20
322,0.00,0.57,0.02,0.13,0.04,0.00,0.98,0.00,1.00,0.60,0.01,0.00,0.00,0.05,0.00,0.05,0.00,0.00,0.01,0.02,1.00,0.99
236,0.00,0.03,0.00,0.21,0.01,0.00,0.02,0.00,0.02,0.05,0.22,0.00,0.00,0.01,0.08,0.38,0.11,0.03,0.01,0.23,0.05,0.08
265,0.00,1.00,0.03,0.50,0.01,0.00,1.00,0.04,0.97,0.18,0.17,0.00,0.00,0.00,0.00,0.03,0.00,0.08,0.01,0.08,1.00,0.92
294,0.00,0.68,0.01,0.03,0.02,0.00,0.19,0.00,0.93,0.73,0.00,0.00,0.00,0.14,0.04,0.06,0.02,0.01,0.02,0.62,1.00,0.42
323,0.00,0.92,0.03,0.01,0.01,0.01,0.91,0.01,0.86,0.49,0.15,0.00,0.00,0.03,0.00,0.02,0.01,0.14,0.01,0.00,1.00,0.82
237,0.00,0.99,0.01,0.49,0.02,0.00,1.00,0.01,0.80,0.02,0.97,0.00,0.00,0.01,0.01,0.06,0.01,0.23,0.00,0.00,1.00,0.92
266,0.00,0.24,0.02,0.06,0.00,0.00,0.95,0.02,0.08,0.95,0.18,0.00,0.00,0.00,0.00,0.03,0.00,0.65,0.79,0.77,1.00,0.08
295,0.00,0.55,0.01,0.05,0.01,0.00,0.05,0.04,0.73,0.91,0.04,0.00,0.00,0.00,0.02,0.03,0.05,0.46,0.33,0.45,1.00,0.74
324,0.00,0.99,0.05,0.00,0.00,0.00,1.00,0.00,0.44,0.48,0.13,0.00,0.00,0.05,0.00,0.02,0.00,0.22,0.02,0.00,1.00,0.71
238,0.00,0.97,0.02,0.58,0.02,0.01,1.00,0.00,0.71,0.02,0.85,0.00,0.00,0.01,0.01,0.06,0.00,0.01,0.01,0.00,0.65,0.73
267,0.00,0.20,0.00,0.14,0.00,0.00,0.06,0.02,0.00,0.54,0.95,0.00,0.00,0.00,0.03,0.14,0.01,0.24,0.16,0.08,0.67,0.03
296,0.00,0.45,0.00,0.35,0.02,0.00,0.25,0.01,0.04,0.36,0.08,0.00,0.00,0.02,0.01,0.33,0.01,0.02,0.07,0.47,0.74,0.10
325,0.00,0.98,0.01,0.02,0.01,0.00,0.99,0.01,0.72,0.25,0.12,0.00,0.00,0.17,0.00,0.02,0.01,0.01,0.02,0.00,1.00,0.83
239,0.00,0.36,0.02,0.89,0.03,0.01,0.99,0.00,0.25,0.06,0.72,0.00,0.00,0.02,0.01,0.08,0.00,0.06,0.00,0.00,0.47,0.49
268,0.00,0.57,0.00,0.90,0.00,0.00,0.18,0.05,0.00,0.23,0.83,0.00,0.00,0.00,0.05,0.12,0.03,0.32,0.01,0.03,0.33,0.05
297,0.00,0.80,0.01,0.18,0.01,0.00,0.45,0.01,0.06,0.56,0.05,0.00,0.00,0.01,0.00,0.20,0.01,0.04,0.09,0.35,0.99,0.08
326,0.00,0.95,0.01,0.01,0.01,0.00,0.74,0.00,0.75,0.85,0.40,0.00,0.00,0.02,0.00,0.07,0.00,0.10,0.01,0.00,1.00,0.56
240,0.00,0.16,0.10,0.36,0.07,0.02,0.95,0.00,0.11,0.38,0.25,0.00,0.07,0.06,0.00,0.07,0.00,0.02,0.00,0.00,0.94,0.40
269,0.00,0.50,0.05,0.62,0.02,0.00,0.94,0.01,0.18,0.24,0.05,0.00,0.00,0.05,0.00,0.41,0.00,0.00,0.25,0.02,0.98,0.12
327,0.00,0.75,0.00,0.01,0.00,0.00,0.16,0.02,0.19,0.98,0.39,0.00,0.00,0.01,0.02,0.20,0.01,0.20,0.01,0.00,1.00,0.12
298,0.00,0.92,0.01,0.42,0.01,0.00,0.27,0.01,0.02,0.35,0.09,0.00,0.00,0.01,0.00,0.23,0.01,0.01,0.03,0.13,0.82,0.06
241,0.00,0.72,0.02,0.87,0.02,0.00,0.99,0.01,0.36,0.19,0.74,0.00,0.00,0.03,0.01,0.19,0.00,0.01,0.01,0.05,1.00,0.80
328,0.00,0.97,0.01,0.01,0.01,0.00,0.20,0.04,0.18,0.95,0.31,0.00,0.00,0.01,0.02,0.16,0.01,0.20,0.00,0.00,1.00,0.20
270,0.00,0.08,0.01,0.39,0.00,0.00,0.47,0.02,0.06,0.48,0.78,0.00,0.00,0.00,0.10,0.06,0.04,0.77,0.00,0.79,0.90,0.03
299,0.00,0.98,0.01,0.68,0.00,0.00,0.74,0.02,0.27,0.54,0.27,0.00,0.00,0.01,0.01,0.16,0.02,0.36,0.01,0.11,1.00,0.12
242,0.00,0.09,0.03,0.48,0.00,0.00,1.00,0.01,0.01,0.92,0.01,0.00,0.00,0.00,0.00,0.03,0.00,0.03,0.02,0.02,1.00,0.34
329,0.00,0.74,0.05,0.01,0.00,0.00,0.69,0.00,0.79,0.88,0.16,0.00,0.00,0.03,0.00,0.26,0.00,0.06,0.00,0.00,1.00,0.64
271,0.00,0.89,0.00,0.59,0.00,0.00,0.73,0.02,0.02,0.21,0.32,0.00,0.00,0.01,0.02,0.05,0.01,0.23,0.01,0.94,0.67,0.02
300,0.00,0.97,0.00,0.09,0.01,0.00,0.06,0.02,0.26,0.98,0.41,0.00,0.00,0.00,0.04,0.14,0.02,0.03,0.03,0.02,1.00,0.25
243,0.00,0.19,0.02,0.27,0.00,0.00,1.00,0.02,0.05,0.91,0.05,0.00,0.00,0.01,0.00,0.04,0.00,0.31,0.04,0.02,1.00,0.25
330,0.00,0.58,0.03,0.02,0.01,0.00,0.84,0.00,0.89,0.90,0.24,0.00,0.00,0.04,0.00,0.14,0.00,0.02,0.01,0.01,1.00,0.74
272,0.00,0.72,0.00,0.36,0.00,0.00,0.48,0.03,0.01,0.51,0.46,0.00,0.00,0.01,0.02,0.06,0.02,0.36,0.02,0.65,0.88,0.01
301,0.00,0.03,0.00,0.01,0.02,0.00,0.06,0.00,0.16,0.94,0.01,0.00,0.00,0.03,0.01,0.12,0.00,0.00,0.35,0.14,1.00,0.32
244,0.00,0.03,0.09,0.98,0.01,0.01,0.03,0.00,0.16,0.88,0.38,0.00,0.06,0.17,0.00,0.54,0.02,0.32,0.00,0.00,0.92,0.07
331,0.00,0.90,0.00,0.46,0.01,0.00,0.99,0.00,0.99,0.35,0.66,0.00,0.00,0.03,0.00,0.03,0.00,0.08,0.00,0.00,1.00,1.00
273,0.00,0.51,0.00,0.66,0.01,0.00,0.49,0.06,0.04,0.61,0.96,0.00,0.00,0.02,0.02,0.09,0.01,0.33,0.02,0.05,0.99,0.10
302,0.00,0.14,0.02,0.02,0.02,0.00,0.99,0.01,0.06,0.18,0.03,0.00,0.00,0.00,0.00,0.11,0.01,0.08,0.92,0.06,1.00,0.13
245,0.00,0.17,0.01,0.84,0.01,0.00,0.09,0.01,0.01,0.51,0.16,0.00,0.00,0.04,0.00,0.78,0.01,0.09,0.01,0.00,0.56,0.02
332,0.00,0.69,0.00,0.53,0.01,0.00,0.96,0.00,0.89,0.35,0.96,0.00,0.00,0.03,0.00,0.02,0.00,0.22,0.00,0.00,1.00,1.00
274,0.00,0.36,0.01,1.00,0.01,0.00,0.03,0.02,0.03,0.43,0.98,0.02,0.07,0.08,0.03,0.04,0.06,0.98,0.01,0.00,0.64,0.10
303,0.00,0.44,0.04,0.05,0.01,0.00,0.97,0.00,0.32,0.86,0.03,0.00,0.00,0.01,0.00,0.14,0.00,0.01,0.01,0.78,1.00,0.15
246,0.00,0.43,0.02,0.58,0.02,0.00,0.24,0.01,0.01,0.63,0.27,0.00,0.00,0.04,0.00,0.80,0.01,0.05,0.03,0.00,0.87,0.03
333,0.00,0.97,0.02,0.94,0.02,0.00,0.86,0.00,1.00,0.39,0.33,0.00,0.00,0.16,0.01,0.05,0.00,0.01,0.01,0.01,1.00,1.00
304,0.00,1.00,0.01,0.01,0.01,0.00,0.64,0.00,0.48,0.92,0.07,0.00,0.00,0.06,0.03,0.03,0.01,0.01,0.01,0.00,1.00,0.29
275,0.00,1.00,0.00,0.85,0.01,0.00,0.22,0.02,0.02,0.03,0.95,0.00,0.00,0.00,0.06,0.10,0.04,0.60,0.00,0.01,0.07,0.21
247,0.00,0.10,0.00,0.12,0.01,0.00,0.10,0.01,0.01,0.83,0.24,0.00,0.00,0.01,0.00,0.79,0.01,0.08,0.19,0.00,0.99,0.01
334,0.00,0.76,0.04,0.69,0.01,0.00,0.51,0.00,0.99,0.89,0.71,0.00,0.00,0.03,0.00,0.43,0.00,0.08,0.00,0.02,1.00,0.46
305,0.00,0.78,0.10,0.03,0.02,0.00,1.00,0.00,0.99,0.14,0.02,0.00,0.00,0.17,0.00,0.04,0.00,0.01,0.01,0.00,1.00,0.59
276,0.00,0.95,0.01,0.60,0.03,0.00,0.26,0.01,0.08,0.09,0.59,0.00,0.00,0.01,0.10,0.16,0.01,0.04,0.00,0.02,0.95,0.43
248,0.00,0.06,0.00,0.07,0.01,0.00,0.16,0.01,0.01,0.86,0.39,0.00,0.00,0.00,0.00,0.59,0.00,0.12,0.61,0.01,0.99,0.02
335,0.00,0.54,0.06,0.07,0.00,0.00,0.84,0.00,0.17,0.29,0.19,0.00,0.00,0.14,0.00,0.41,0.00,0.02,0.13,0.48,0.99,0.03
306,0.00,0.68,0.02,0.20,0.09,0.00,0.97,0.00,1.00,0.23,0.01,0.00,0.00,0.43,0.00,0.05,0.00,0.00,0.06,0.02,1.00,0.93
277,0.00,0.75,0.00,0.76,0.02,0.00,0.39,0.00,0.08,0.12,0.94,0.00,0.00,0.01,0.01,0.37,0.01,0.17,0.00,0.02,1.00,0.46
249,0.00,0.21,0.01,0.09,0.01,0.00,0.57,0.00,0.08,0.95,0.51,0.00,0.00,0.01,0.00,0.46,0.01,0.20,0.03,0.00,1.00,0.04
336,0.00,0.36,0.01,0.01,0.00,0.00,0.70,0.07,0.07,0.94,0.17,0.00,0.00,0.03,0.00,0.12,0.00,0.42,0.05,0.05,1.00,0.07
307,0.00,0.96,0.01,0.01,0.01,0.00,0.36,0.03,0.07,1.00,0.96,0.00,0.00,0.00,0.01,0.05,0.01,0.74,0.03,0.00,1.00,0.68
278,0.00,0.41,0.01,0.71,0.02,0.00,0.37,0.00,0.02,0.27,0.30,0.00,0.00,0.02,0.00,0.62,0.00,0.03,0.01,0.01,0.98,0.16
250,0.00,0.08,0.01,0.51,0.05,0.00,0.32,0.00,0.08,0.09,0.04,0.00,0.00,0.14,0.00,0.29,0.00,0.00,0.58,0.03,0.52,0.15
337,0.00,0.50,0.00,0.01,0.00,0.00,0.09,0.01,0.07,1.00,0.60,0.00,0.00,0.01,0.01,0.20,0.01,0.35,0.01,0.01,1.00,0.11
308,0.00,0.94,0.01,0.00,0.00,0.00,0.51,0.02,0.19,0.99,0.30,0.00,0.00,0.00,0.01,0.02,0.01,0.47,0.07,0.00,1.00,0.36
279,0.00,0.48,0.01,0.93,0.02,0.00,0.45,0.00,0.02,0.20,0.59,0.00,0.00,0.02,0.00,0.64,0.01,0.04,0.01,0.01,0.87,0.13
251,0.00,0.24,0.02,0.33,0.03,0.00,0.71,0.00,0.05,0.09,0.03,0.00,0.00,0.12,0.00,0.23,0.00,0.00,0.96,0.02,0.81,0.17
338,0.00,0.24,0.00,0.04,0.00,0.00,0.08,0.01,0.05,0.99,0.24,0.00,0.00,0.00,0.00,0.37,0.01,0.24,0.02,0.01,1.00,0.07
309,0.00,0.92,0.01,0.01,0.00,0.00,0.38,0.02,0.23,0.99,0.31,0.00,0.00,0.00,0.01,0.02,0.01,0.44,0.09,0.00,1.00,0.40
280,0.00,0.84,0.01,0.32,0.00,0.00,0.48,0.01,0.01,0.52,0.26,0.00,0.00,0.03,0.00,0.20,0.00,0.01,0.04,0.03,0.97,0.06
252,0.00,0.08,0.02,0.13,0.03,0.00,0.48,0.00,0.05,0.15,0.02,0.00,0.00,0.20,0.00,0.24,0.00,0.00,0.91,0.04,0.92,0.10
339,0.00,0.27,0.00,0.09,0.00,0.00,0.58,0.04,0.03,0.73,0.78,0.00,0.00,0.01,0.01,0.12,0.01,0.12,0.08,0.01,1.00,0.33
310,0.00,0.89,0.04,0.01,0.01,0.00,0.79,0.05,0.16,0.93,0.73,0.00,0.00,0.00,0.01,0.03,0.01,0.97,0.03,0.00,1.00,0.87
281,0.00,0.28,0.00,0.13,0.00,0.00,0.22,0.01,0.01,0.92,0.32,0.00,0.00,0.02,0.00,0.29,0.01,0.13,0.13,0.01,1.00,0.03
253,0.00,0.03,0.03,0.13,0.07,0.00,0.23,0.00,0.11,0.10,0.00,0.00,0.00,0.40,0.00,0.17,0.00,0.00,0.94,0.07,0.52,0.06
340,0.00,0.97,0.03,0.14,0.00,0.00,1.00,0.02,0.41,0.68,0.19,0.00,0.00,0.01,0.00,0.03,0.00,0.21,0.01,0.01,1.00,0.90
311,0.00,0.78,0.03,0.01,0.01,0.00,0.87,0.06,0.13,0.92,0.78,0.00,0.00,0.00,0.00,0.03,0.01,0.98,0.02,0.01,1.00,0.77
282,0.00,0.51,0.00,0.09,0.02,0.00,0.10,0.07,0.02,0.57,0.38,0.00,0.00,0.03,0.01,0.37,0.02,0.16,0.10,0.00,0.99,0.13
254,0.00,0.06,0.03,0.03,0.08,0.00,0.16,0.00,0.18,0.06,0.01,0.00,0.00,0.22,0.00,0.39,0.00,0.00,0.98,0.09,0.25,0.03
341,0.00,0.72,0.01,0.25,0.00,0.00,0.55,0.04,0.04,0.83,0.03,0.00,0.00,0.00,0.01,0.11,0.01,0.30,0.02,0.24,1.00,0.07
312,0.00,0.86,0.01,0.02,0.01,0.00,0.46,0.03,0.12,0.93,0.13,0.00,0.00,0.00,0.01,0.10,0.01,0.06,0.02,0.01,1.00,0.30
283,0.00,0.11,0.00,0.98,0.00,0.00,0.07,0.00,0.11,0.96,0.85,0.00,0.00,0.01,0.01,0.33,0.01,0.22,0.02,0.01,1.00,0.03
255,0.00,0.08,0.03,0.07,0.08,0.00,0.31,0.00,0.25,0.03,0.02,0.00,0.00,0.12,0.00,0.73,0.00,0.00,0.81,0.07,0.19,0.04
342,0.00,0.61,0.00,0.88,0.01,0.00,0.34,0.04,0.00,0.12,0.95,0.00,0.00,0.00,0.01,0.16,0.02,0.44,0.00,0.02,0.05,0.03
313,0.00,0.11,0.01,0.06,0.01,0.00,0.50,0.01,0.09,0.44,0.19,0.00,0.00,0.07,0.02,0.14,0.00,0.00,0.03,0.07,0.99,0.26
284,0.00,0.20,0.00,0.44,0.01,0.00,0.04,0.00,0.02,0.80,0.58,0.00,0.00,0.01,0.01,0.81,0.00,0.01,0.01,0.02,0.92,0.05
256,0.00,0.40,0.01,0.75,0.01,0.00,0.87,0.00,0.09,0.22,0.39,0.00,0.00,0.02,0.00,0.46,0.00,0.00,0.29,0.04,0.74,0.07
343,0.00,0.17,0.01,0.99,0.01,0.00,0.23,0.01,0.02,0.05,0.80,0.00,0.00,0.01,0.12,0.13,0.03,0.72,0.00,0.02,0.00,0.06
314,0.00,0.78,0.91,0.03,0.01,0.01,1.00,0.04,0.02,0.23,0.13,0.00,0.05,0.01,0.00,0.01,0.00,0.86,0.01,0.00,1.00,0.67
285,0.00,0.19,0.00,0.40,0.01,0.00,0.04,0.00,0.01,0.80,0.36,0.00,0.00,0.01,0.01,0.83,0.00,0.01,0.01,0.05,0.88,0.02
257,0.00,0.27,0.06,0.31,0.00,0.00,0.41,0.07,0.05,0.41,0.03,0.00,0.00,0.00,0.02,0.07,0.03,0.15,0.24,0.82,1.00,0.15
344,0.00,0.19,0.01,0.97,0.01,0.00,0.19,0.01,0.23,0.02,0.06,0.00,0.00,0.01,0.13,0.32,0.08,0.02,0.00,0.02,0.63,0.59
315,0.00,0.50,0.69,0.14,0.03,0.00,1.00,0.01,0.02,0.22,0.03,0.00,0.00,0.02,0.00,0.02,0.00,0.17,0.00,0.00,1.00,0.65
286,0.00,0.19,0.01,0.47,0.01,0.00,0.04,0.00,0.01,0.89,0.49,0.00,0.00,0.01,0.01,0.73,0.00,0.02,0.01,0.03,0.92,0.02
258,0.00,0.36,0.01,0.06,0.00,0.00,0.10,0.01,0.16,0.58,0.05,0.00,0.00,0.01,0.01,0.31,0.01,0.19,0.13,0.07,0.99,0.14
345,0.00,0.18,0.01,0.16,0.00,0.00,0.12,0.02,0.19,0.22,0.02,0.00,0.00,0.02,0.06,0.10,0.03,0.01,0.01,1.00,0.28,0.28
316,0.00,0.70,0.13,0.05,0.02,0.00,1.00,0.01,0.04,0.52,0.06,0.00,0.00,0.02,0.00,0.05,0.00,0.72,0.00,0.00,1.00,0.76
287,0.00,0.25,0.04,0.91,0.01,0.00,0.61,0.00,0.04,0.16,0.49,0.00,0.00,0.04,0.00,0.51,0.00,0.10,0.01,0.01,0.38,0.16
259,0.00,1.00,0.02,0.06,0.00,0.00,0.95,0.02,0.31,0.88,0.09,0.00,0.00,0.00,0.00,0.04,0.00,0.90,0.59,0.18,1.00,0.10
346,0.00,0.74,0.00,0.82,0.00,0.00,0.30,0.09,0.00,0.28,0.98,0.00,0.00,0.01,0.01,0.18,0.03,0.83,0.05,0.01,0.78,0.19
317,0.00,0.57,0.05,0.05,0.00,0.00,0.88,0.00,0.23,0.87,0.30,0.00,0.00,0.01,0.00,0.37,0.00,0.36,0.00,0.00,1.00,0.23
288,0.00,0.99,0.06,0.12,0.01,0.00,1.00,0.01,0.08,0.61,0.76,0.00,0.00,0.01,0.00,0.06,0.00,0.58,0.04,0.00,1.00,0.19
260,0.00,0.14,0.01,0.27,0.01,0.00,0.07,0.00,0.52,0.78,0.78,0.00,0.00,0.01,0.10,0.27,0.03,0.44,0.00,0.04,0.99,0.18
347,0.00,0.90,0.00,0.72,0.01,0.00,0.37,0.06,0.01,0.45,0.76,0.00,0.00,0.01,0.01,0.26,0.02,0.26,0.01,0.01,0.84,0.14
318,0.00,0.46,0.04,0.05,0.00,0.00,0.98,0.00,0.71,0.98,0.10,0.00,0.00,0.01,0.00,0.04,0.00,0.59,0.04,0.01,1.00,0.70
289,0.00,0.72,0.00,0.06,0.01,0.00,0.11,0.01,0.02,0.77,0.86,0.00,0.00,0.00,0.02,0.07,0.02,0.97,0.06,0.06,0.98,0.07
348,0.00,0.99,0.01,0.76,0.00,0.00,0.55,0.03,0.02,0.39,0.57,0.00,0.00,0.01,0.00,0.28,0.01,0.04,0.01,0.02,0.19,0.13
377,0.00,0.99,0.02,0.66,0.01,0.00,0.99,0.01,0.08,0.05,0.98,0.00,0.00,0.03,0.00,0.05,0.02,0.43,0.02,0.02,0.26,0.10
406,0.00,0.64,0.04,0.20,0.01,0.00,0.87,0.01,0.24,0.47,0.08,0.00,0.00,0.03,0.01,0.21,0.00,0.01,0.00,0.01,0.98,0.19
435,0.00,0.01,0.01,0.27,0.01,0.00,0.03,0.00,0.00,0.35,0.00,0.00,0.09,0.03,0.00,0.31,0.00,0.00,0.99,0.22,0.38,0.00
349,0.00,0.27,0.00,0.17,0.01,0.00,0.29,0.01,0.01,0.14,0.35,0.00,0.00,0.01,0.00,0.29,0.05,0.13,0.03,0.04,0.58,0.07
378,0.00,0.76,0.00,0.60,0.01,0.00,0.62,0.01,0.05,0.36,0.98,0.00,0.00,0.00,0.00,0.07,0.05,0.73,0.39,0.02,0.89,0.02
407,0.00,0.20,0.01,0.47,0.04,0.00,0.12,0.01,0.04,0.28,0.05,0.00,0.00,0.02,0.01,0.87,0.00,0.01,0.01,0.01,0.21,0.06
436,0.00,0.01,0.00,0.11,0.01,0.00,0.09,0.00,0.00,0.55,0.02,0.00,0.08,0.02,0.00,0.12,0.00,0.00,0.84,0.54,0.67,0.00
350,0.00,0.07,0.00,1.00,0.01,0.00,0.12,0.00,0.00,0.82,0.96,0.00,0.08,0.03,0.00,0.36,0.01,0.41,0.02,0.00,0.89,0.03
379,0.00,0.62,0.01,0.39,0.00,0.00,0.58,0.02,0.02,0.18,0.73,0.00,0.00,0.00,0.00,0.05,0.02,0.27,0.91,0.02,0.23,0.01
408,0.00,0.41,0.00,0.05,0.03,0.00,0.16,0.01,0.08,0.32,0.02,0.00,0.00,0.01,0.01,0.71,0.00,0.00,0.01,0.04,0.45,0.10
437,0.00,0.03,0.01,0.27,0.01,0.00,0.15,0.00,0.00,0.90,0.05,0.00,0.00,0.00,0.00,0.19,0.00,0.00,0.03,0.28,0.98,0.00
351,0.00,0.42,0.02,0.53,0.03,0.00,0.35,0.01,0.00,0.42,0.12,0.00,0.00,0.01,0.00,0.33,0.01,0.03,0.02,0.00,0.97,0.04
380,0.00,0.74,0.02,0.72,0.00,0.00,0.85,0.02,0.01,0.46,0.47,0.00,0.07,0.00,0.00,0.04,0.01,0.16,0.40,0.12,0.71,0.01
409,0.00,0.17,0.01,0.42,0.05,0.00,0.02,0.01,0.25,0.27,0.04,0.00,0.00,0.04,0.04,0.83,0.00,0.00,0.00,0.00,0.31,0.22
438,0.00,0.02,0.01,0.96,0.03,0.00,0.03,0.00,0.02,0.87,0.18,0.00,0.26,0.03,0.00,0.39,0.00,0.01,0.00,0.02,0.92,0.02
352,0.00,0.57,0.01,0.24,0.02,0.00,0.13,0.01,0.01,0.49,0.28,0.00,0.00,0.01,0.00,0.46,0.01,0.07,0.00,0.00,0.91,0.06
381,0.00,0.31,0.00,0.09,0.00,0.00,0.63,0.01,0.00,0.80,0.29,0.00,0.07,0.00,0.00,0.08,0.01,0.06,0.90,0.22,0.98,0.02
410,0.00,0.35,0.01,0.30,0.05,0.00,0.39,0.01,0.22,0.28,0.05,0.00,0.00,0.04,0.01,0.85,0.00,0.00,0.00,0.00,0.62,0.11
439,0.00,0.03,0.02,0.96,0.02,0.00,0.05,0.00,0.06,0.92,0.43,0.00,0.22,0.06,0.00,0.48,0.00,0.02,0.00,0.03,0.93,0.07
353,0.00,0.47,0.14,1.00,0.01,0.00,0.98,0.00,0.00,0.97,0.37,0.01,0.40,0.02,0.00,0.06,0.00,0.05,0.01,0.02,1.00,0.02
382,0.00,0.48,0.00,0.02,0.00,0.00,0.01,0.00,0.01,0.89,0.01,0.00,0.00,0.01,0.00,0.10,0.00,0.01,0.09,1.00,1.00,0.01
411,0.00,0.37,0.00,0.35,0.01,0.00,0.03,0.01,0.01,0.27,0.08,0.00,0.00,0.00,0.02,0.36,0.01,0.00,0.01,0.20,0.52,0.03
440,0.00,0.01,0.04,0.97,0.02,0.00,0.01,0.00,0.78,0.91,0.27,0.00,0.00,0.01,0.01,0.26,0.00,0.01,0.00,0.21,1.00,0.25
354,0.00,0.17,0.02,1.00,0.01,0.00,0.04,0.00,0.01,0.43,0.99,0.02,0.00,0.00,0.04,0.20,0.01,0.31,0.00,0.02,0.29,0.06
383,0.00,0.91,0.00,0.01,0.00,0.00,0.23,0.01,0.04,0.98,0.01,0.00,0.00,0.01,0.00,0.05,0.01,0.02,0.23,0.53,1.00,0.02
412,0.00,0.39,0.00,0.71,0.01,0.00,0.38,0.02,0.02,0.41,0.29,0.00,0.00,0.00,0.00,0.26,0.01,0.01,0.01,0.13,0.95,0.03
441,0.00,0.48,0.03,0.95,0.02,0.00,0.90,0.01,0.06,0.94,0.59,0.00,0.00,0.01,0.00,0.07,0.00,0.29,0.00,0.03,0.98,0.07
355,0.00,0.96,0.01,0.70,0.00,0.00,0.99,0.01,0.01,0.50,0.03,0.00,0.00,0.00,0.00,0.10,0.00,0.01,0.03,0.19,1.00,0.02
384,0.00,0.51,0.03,1.00,0.01,0.00,1.00,0.01,0.14,0.02,0.69,0.00,0.00,0.02,0.01,0.12,0.01,0.14,0.00,0.03,0.11,0.58
413,0.00,0.25,0.00,0.34,0.01,0.00,0.13,0.01,0.01,0.30,0.16,0.00,0.00,0.01,0.01,0.31,0.00,0.00,0.02,0.43,0.64,0.02
442,0.00,0.44,0.03,0.89,0.02,0.00,0.88,0.01,0.04,0.93,0.73,0.00,0.00,0.01,0.00,0.09,0.00,0.37,0.00,0.02,0.97,0.04
356,0.00,0.93,0.08,0.99,0.03,0.00,0.74,0.00,0.00,0.93,0.14,0.01,0.49,0.01,0.00,0.07,0.00,0.19,0.00,0.00,1.00,0.02
385,0.00,0.09,0.01,0.97,0.01,0.00,0.09,0.01,0.33,0.32,0.58,0.00,0.00,0.04,0.02,0.16,0.00,0.39,0.10,0.85,0.54,0.06
414,0.00,0.31,0.01,0.91,0.01,0.00,0.93,0.01,0.06,0.28,0.40,0.00,0.00,0.01,0.00,0.28,0.00,0.00,0.01,0.26,0.85,0.04
443,0.00,0.44,0.03,0.90,0.02,0.00,0.88,0.01,0.04,0.93,0.72,0.00,0.00,0.01,0.00,0.08,0.00,0.37,0.00,0.02,0.97,0.04
357,0.00,0.70,0.05,0.87,0.03,0.00,0.42,0.00,0.00,0.92,0.13,0.04,0.75,0.01,0.00,0.05,0.00,0.25,0.00,0.00,1.00,0.02
386,0.00,0.55,0.00,0.07,0.00,0.00,0.63,0.03,0.00,0.95,0.62,0.08,0.05,0.00,0.00,0.03,0.01,0.76,0.22,0.08,0.98,0.01
415,0.00,0.23,0.01,0.89,0.00,0.00,0.88,0.00,0.20,0.21,0.98,0.00,0.00,0.03,0.00,0.38,0.00,0.01,0.00,0.06,0.94,0.19
444,0.00,0.45,0.03,0.90,0.02,0.00,0.88,0.01,0.04,0.93,0.72,0.00,0.00,0.01,0.00,0.08,0.00,0.37,0.00,0.02,0.97,0.05
358,0.00,0.46,0.54,1.00,0.20,0.00,0.87,0.01,0.03,0.91,0.05,0.00,0.38,0.02,0.00,0.06,0.00,0.02,0.00,0.06,1.00,0.02
387,0.00,0.99,0.05,0.30,0.01,0.00,1.00,0.01,0.19,0.06,0.14,0.00,0.00,0.03,0.00,0.06,0.01,0.18,0.01,0.03,0.93,0.27
416,0.00,0.38,0.01,0.89,0.01,0.00,0.95,0.01,0.07,0.13,0.14,0.00,0.00,0.02,0.00,0.45,0.00,0.00,0.03,0.15,0.92,0.11
445,0.00,0.48,0.03,0.91,0.02,0.00,0.87,0.01,0.04,0.93,0.75,0.00,0.00,0.01,0.00,0.09,0.00,0.38,0.00,0.02,0.97,0.05
359,0.00,0.99,0.52,1.00,0.05,0.00,1.00,0.00,0.02,0.84,0.09,0.00,0.49,0.02,0.00,0.11,0.00,0.01,0.00,0.02,0.98,0.02
388,0.00,0.36,0.03,0.09,0.02,0.00,0.77,0.02,0.78,0.31,0.35,0.00,0.00,0.06,0.00,0.15,0.01,0.16,0.00,0.04,0.97,0.13
446,0.00,0.00,0.00,0.00,0.02,0.00,0.22,0.00,0.02,0.00,0.00,0.00,0.05,0.48,0.95,0.01,0.38,0.00,0.18,0.06,0.00,0.01
417,0.00,0.25,0.01,0.96,0.01,0.00,0.24,0.00,0.97,0.74,0.75,0.00,0.00,0.00,0.00,0.20,0.01,0.42,0.00,0.02,1.00,0.85
360,0.00,0.87,0.29,1.00,0.04,0.00,0.99,0.01,0.03,0.35,0.04,0.00,0.91,0.02,0.00,0.11,0.00,0.01,0.00,0.05,0.27,0.04
389,0.00,0.51,0.02,0.03,0.01,0.00,0.97,0.01,0.19,0.14,0.23,0.00,0.00,0.01,0.00,0.40,0.00,0.04,0.13,0.60,0.91,0.01
447,0.00,0.01,0.00,0.07,0.01,0.00,0.04,0.00,0.06,0.03,0.00,0.00,0.08,0.72,0.13,0.04,0.04,0.00,0.03,0.41,0.11,0.04
418,0.00,0.07,0.05,0.28,0.03,0.00,0.14,0.00,0.03,0.76,0.09,0.00,0.20,0.54,0.00,0.36,0.00,0.04,0.00,0.01,0.84,0.06
361,0.00,0.93,0.52,1.00,0.09,0.00,0.92,0.02,0.01,0.40,0.05,0.00,0.73,0.04,0.00,0.12,0.00,0.03,0.00,0.02,0.26,0.03
448,0.00,0.00,0.00,0.00,0.01,0.00,0.29,0.00,0.02,0.00,0.00,0.00,0.00,0.64,0.95,0.01,0.17,0.00,0.20,0.05,0.00,0.01
390,0.00,0.96,0.05,0.14,0.02,0.00,1.00,0.01,0.04,0.25,0.10,0.00,0.15,0.00,0.00,0.07,0.00,0.07,0.03,0.01,1.00,0.15
419,0.00,0.33,0.06,0.97,0.04,0.00,0.74,0.00,0.06,0.26,0.32,0.00,0.28,0.93,0.00,0.12,0.00,0.29,0.00,0.00,0.33,0.06
362,0.00,0.90,0.39,1.00,0.02,0.00,1.00,0.00,0.02,0.19,0.89,0.00,0.00,0.02,0.00,0.12,0.00,0.05,0.00,0.02,0.86,0.24
449,0.00,0.00,0.00,0.00,0.02,0.00,0.22,0.00,0.02,0.00,0.00,0.00,0.05,0.48,0.95,0.01,0.38,0.00,0.18,0.06,0.00,0.01
391,0.00,0.66,0.03,0.36,0.01,0.00,1.00,0.00,0.04,0.24,0.03,0.00,0.16,0.00,0.00,0.13,0.00,0.01,0.05,0.01,1.00,0.10
420,0.00,0.15,0.01,0.93,0.05,0.00,0.10,0.00,0.04,0.24,0.64,0.00,0.08,0.33,0.00,0.83,0.00,0.05,0.00,0.01,0.09,0.08
363,0.00,0.81,0.32,1.00,0.02,0.00,1.00,0.00,0.01,0.04,0.52,0.00,0.07,0.09,0.00,0.08,0.00,0.04,0.00,0.02,0.17,0.10
392,0.00,0.35,0.22,0.94,0.03,0.00,1.00,0.00,0.04,0.21,0.01,0.00,0.38,0.01,0.00,0.16,0.00,0.00,0.02,0.03,0.94,0.13
421,0.00,0.14,0.00,0.93,0.04,0.00,0.04,0.01,0.01,0.16,0.18,0.00,0.00,0.03,0.08,0.93,0.01,0.01,0.00,0.01,0.02,0.05
364,0.00,0.14,0.01,1.00,0.01,0.00,0.49,0.02,0.01,0.15,0.75,0.00,0.00,0.03,0.01,0.36,0.01,0.08,0.01,0.02,0.19,0.07
393,0.00,0.03,0.39,0.15,0.09,0.00,0.99,0.00,0.10,0.09,0.00,0.00,0.95,0.06,0.00,0.09,0.00,0.00,0.01,0.02,0.60,0.06
422,0.00,0.34,0.01,0.98,0.01,0.00,0.08,0.06,0.13,0.65,0.04,0.00,0.00,0.01,0.00,0.20,0.02,0.04,0.03,0.10,0.82,0.16
365,0.00,0.03,0.01,1.00,0.02,0.00,0.07,0.00,0.01,0.32,0.85,0.00,0.00,0.06,0.01,0.50,0.01,0.23,0.00,0.02,0.54,0.12
423,0.00,0.81,0.03,0.99,0.00,0.00,0.98,0.01,0.01,0.83,0.09,0.00,0.00,0.04,0.00,0.08,0.00,0.01,0.03,0.15,1.00,0.13
394,0.00,0.08,0.22,0.21,0.02,0.00,0.58,0.00,0.01,0.91,0.00,0.00,0.93,0.02,0.00,0.11,0.00,0.00,0.01,0.04,0.97,0.00
366,0.00,0.04,0.03,1.00,0.06,0.00,0.23,0.00,0.00,0.69,0.25,0.00,0.15,0.07,0.00,0.24,0.00,0.21,0.00,0.00,0.92,0.03
424,0.00,0.02,0.01,0.64,0.02,0.00,0.10,0.00,0.02,0.22,0.02,0.00,0.13,0.03,0.01,0.33,0.00,0.00,0.05,0.25,0.42,0.02
395,0.00,0.37,0.26,0.07,0.01,0.01,0.50,0.01,0.00,0.92,0.03,0.01,0.79,0.01,0.00,0.03,0.00,0.05,0.01,0.01,1.00,0.00
367,0.00,0.41,0.42,1.00,0.03,0.01,0.94,0.00,0.02,0.72,0.07,0.01,0.80,0.03,0.00,0.03,0.00,0.05,0.00,0.01,0.56,0.01
425,0.00,0.01,0.00,0.63,0.02,0.00,0.03,0.00,0.01,0.16,0.03,0.00,0.08,0.02,0.01,0.73,0.00,0.00,0.04,0.05,0.16,0.01
396,0.00,0.03,0.28,0.37,0.02,0.00,0.39,0.00,0.01,0.94,0.02,0.01,0.35,0.07,0.00,0.11,0.00,0.04,0.00,0.35,1.00,0.01
368,0.00,0.63,0.70,1.00,0.01,0.01,0.99,0.00,0.01,0.26,0.29,0.01,0.53,0.01,0.00,0.07,0.00,0.32,0.00,0.00,0.15,0.06
426,0.00,0.03,0.00,0.81,0.02,0.00,0.07,0.00,0.01,0.14,0.09,0.00,0.06,0.03,0.01,0.76,0.00,0.00,0.03,0.03,0.14,0.01
397,0.00,0.41,0.41,0.87,0.02,0.01,0.88,0.00,0.00,0.95,0.10,0.01,0.77,0.04,0.00,0.06,0.00,0.45,0.00,0.00,0.98,0.01
369,0.00,0.79,0.13,0.91,0.01,0.01,0.71,0.00,0.00,0.45,0.74,0.05,0.60,0.00,0.00,0.02,0.01,0.82,0.00,0.00,0.18,0.01
427,0.00,0.08,0.49,0.92,0.06,0.00,0.96,0.00,0.02,0.58,0.13,0.00,0.78,0.57,0.00,0.06,0.00,0.36,0.01,0.00,0.94,0.08
398,0.00,0.03,0.05,0.61,0.04,0.00,0.07,0.00,0.01,0.46,0.10,0.01,0.15,0.82,0.00,0.44,0.00,0.21,0.00,0.04,0.64,0.01
370,0.00,0.25,0.11,1.00,0.01,0.00,1.00,0.16,0.02,0.06,0.97,0.00,0.05,0.00,0.01,0.05,0.00,0.90,0.01,0.01,0.91,0.42
428,0.00,0.01,0.09,0.85,0.07,0.00,0.39,0.00,0.02,0.79,0.08,0.00,0.96,0.24,0.00,0.09,0.00,0.10,0.03,0.00,0.65,0.02
399,0.00,0.95,0.04,0.97,0.01,0.00,1.00,0.07,0.09,0.11,0.27,0.00,0.00,0.00,0.01,0.06,0.00,0.16,0.00,0.01,1.00,0.56
371,0.00,0.19,0.01,1.00,0.01,0.00,0.98,0.13,0.02,0.10,0.73,0.00,0.00,0.00,0.01,0.16,0.00,0.93,0.01,0.03,0.38,0.06
429,0.00,0.01,0.13,0.98,0.15,0.00,0.16,0.00,0.01,0.33,0.07,0.00,0.59,0.68,0.00,0.13,0.00,0.40,0.06,0.00,0.23,0.02
400,0.00,0.88,0.03,0.99,0.00,0.00,1.00,0.01,0.21,0.23,0.22,0.00,0.00,0.00,0.00,0.08,0.00,0.58,0.00,0.02,1.00,0.68
372,0.00,0.97,0.02,0.89,0.03,0.00,0.39,0.01,0.99,0.19,0.02,0.00,0.00,0.59,0.11,0.03,0.00,0.00,0.08,0.00,1.00,0.99
430,0.00,0.04,0.71,0.84,0.03,0.01,0.94,0.00,0.01,0.98,0.26,0.00,0.64,0.14,0.00,0.08,0.00,0.27,0.00,0.00,1.00,0.04
401,0.00,0.83,0.02,0.97,0.00,0.00,0.99,0.01,0.05,0.56,0.24,0.00,0.00,0.00,0.00,0.11,0.00,0.27,0.02,0.03,1.00,0.12
373,0.00,0.99,0.02,0.67,0.06,0.00,0.70,0.01,0.96,0.11,0.06,0.00,0.00,0.71,0.04,0.04,0.00,0.00,0.04,0.00,1.00,0.93
431,0.00,0.07,0.00,1.00,0.02,0.00,0.06,0.00,0.01,0.22,0.71,0.00,0.12,0.33,0.01,0.32,0.01,0.10,0.00,0.03,0.13,0.07
402,0.00,0.06,0.14,0.44,0.01,0.00,0.23,0.01,0.12,0.68,0.23,0.00,0.00,0.06,0.00,0.32,0.00,0.09,0.00,0.01,0.99,0.24
374,0.00,0.19,0.01,0.09,0.04,0.00,0.03,0.00,0.08,0.06,0.15,0.01,0.00,0.98,0.00,0.86,0.00,0.05,0.01,0.06,0.17,0.04
432,0.00,0.08,0.00,1.00,0.03,0.00,0.07,0.00,0.00,0.30,0.62,0.00,0.33,0.12,0.02,0.39,0.00,0.08,0.00,0.01,0.16,0.02
403,0.00,0.12,0.08,0.19,0.01,0.00,0.08,0.00,0.13,0.95,0.48,0.00,0.12,0.05,0.00,0.29,0.00,0.28,0.00,0.00,0.99,0.11
375,0.00,0.18,0.01,0.04,0.01,0.00,0.05,0.01,0.16,0.24,0.84,0.00,0.00,0.01,0.02,0.42,0.00,0.76,0.01,0.01,0.59,0.06
433,0.00,0.01,0.02,0.95,0.04,0.00,0.13,0.00,0.03,0.44,0.13,0.00,0.08,0.19,0.00,0.88,0.00,0.04,0.01,0.01,0.54,0.07
404,0.00,0.07,0.11,0.58,0.00,0.00,0.78,0.01,0.24,0.85,0.21,0.00,0.00,0.03,0.00,0.10,0.00,0.08,0.00,0.02,1.00,0.10
376,0.00,0.62,0.00,0.01,0.01,0.00,0.02,0.02,0.02,0.29,0.99,0.00,0.00,0.00,0.13,0.32,0.01,0.71,0.01,0.02,0.36,0.06
434,0.00,0.08,0.01,0.67,0.01,0.00,0.06,0.00,0.07,0.81,0.15,0.00,0.00,0.02,0.00,0.85,0.00,0.00,0.02,0.02,1.00,0.07
405,0.00,0.20,0.16,0.30,0.01,0.00,0.99,0.00,0.28,0.78,0.29,0.00,0.00,0.05,0.00,0.11,0.00,0.32,0.00,0.01,1.00,0.32
