0,0.00,0.00,0.00,0.00,0.02,0.00,0.22,0.00,0.02,0.00,0.00,0.00,0.05,0.48,0.95,0.01,0.38,0.00,0.18,0.06,0.00,0.01
15,0.00,0.04,0.00,0.01,0.00,0.00,0.00,0.00,0.01,0.04,0.01,0.00,0.00,0.04,0.00,0.12,0.01,0.00,1.00,0.95,0.07,0.01
45,0.00,0.03,0.00,0.03,0.00,0.00,0.00,0.00,0.01,0.03,0.01,0.00,0.00,0.10,0.01,0.18,0.01,0.00,1.00,0.99,0.01,0.01
30,0.00,0.95,0.00,0.13,0.00,0.00,0.07,0.00,0.01,0.25,0.03,0.00,0.00,0.02,0.00,0.09,0.01,0.00,0.17,1.00,0.16,0.01
1,0.00,0.78,0.01,0.69,0.00,0.00,0.37,0.01,0.03,0.15,0.04,0.00,0.00,0.04,0.00,0.21,0.01,0.00,1.00,0.65,0.55,0.05
46,0.00,0.87,0.00,0.23,0.00,0.00,0.05,0.00,0.02,0.15,0.03,0.00,0.00,0.05,0.00,0.13,0.00,0.00,1.00,0.93,0.13,0.01
31,0.00,0.89,0.00,0.13,0.00,0.00,0.11,0.01,0.10,0.92,0.04,0.00,0.00,0.00,0.00,0.02,0.08,0.28,0.94,0.59,0.99,0.01
16,0.00,0.99,0.00,0.70,0.00,0.00,0.50,0.00,0.03,0.18,0.26,0.00,0.00,0.02,0.00,0.30,0.01,0.01,0.25,0.56,0.58,0.03
2,0.00,0.18,0.00,0.49,0.00,0.00,0.01,0.01,0.01,0.10,0.55,0.00,0.00,0.01,0.02,0.38,0.05,0.31,0.09,0.30,0.02,0.03
47,0.00,0.01,0.00,0.13,0.01,0.00,0.00,0.00,0.00,0.07,0.06,0.00,0.00,0.03,0.00,0.44,0.00,0.00,1.00,0.04,0.05,0.01
32,0.00,0.21,0.00,0.01,0.00,0.00,0.00,0.00,0.00,0.89,0.02,0.00,0.00,0.42,0.00,0.03,0.02,0.06,1.00,0.62,0.88,0.00
17,0.00,0.86,0.00,0.06,0.00,0.00,0.03,0.00,0.01,0.72,0.01,0.00,0.00,0.09,0.00,0.08,0.00,0.01,0.54,1.00,0.85,0.01
3,0.00,0.00,0.00,0.71,0.00,0.00,0.02,0.01,0.00,0.06,0.16,0.00,0.00,0.01,0.02,0.46,0.00,0.01,0.28,0.93,0.01,0.01
48,0.00,0.13,0.00,0.10,0.01,0.00,0.01,0.01,0.02,0.27,0.12,0.00,0.00,0.02,0.00,0.14,0.02,0.01,1.00,0.26,0.20,0.02
33,0.00,0.15,0.00,0.01,0.00,0.00,0.00,0.00,0.00,0.78,0.03,0.00,0.00,0.31,0.00,0.04,0.02,0.02,1.00,0.80,0.89,0.00
18,0.00,1.00,0.01,0.49,0.00,0.00,0.73,0.00,0.07,0.09,0.01,0.00,0.00,0.32,0.00,0.04,0.00,0.00,0.19,1.00,0.54,0.03
4,0.00,0.01,0.00,0.17,0.01,0.00,0.02,0.00,0.04,0.04,0.05,0.00,0.00,0.09,0.01,0.40,0.01,0.00,0.12,1.00,0.02,0.03
49,0.00,0.66,0.00,0.04,0.00,0.00,0.03,0.00,0.01,0.62,0.01,0.00,0.00,0.02,0.00,0.03,0.00,0.00,0.85,0.99,0.98,0.00
34,0.00,0.08,0.00,0.00,0.00,0.00,0.00,0.00,0.00,0.61,0.03,0.00,0.00,0.06,0.00,0.03,0.01,0.01,1.00,0.34,0.93,0.00
19,0.00,1.00,0.01,0.69,0.00,0.00,0.47,0.00,0.07,0.12,0.01,0.00,0.00,0.25,0.00,0.03,0.00,0.00,0.19,1.00,0.27,0.02
5,0.00,0.10,0.01,0.87,0.00,0.00,0.04,0.02,0.01,0.14,0.02,0.30,0.00,0.00,0.00,0.45,0.07,0.05,0.05,0.11,0.45,0.07
50,0.00,0.02,0.00,0.01,0.00,0.00,0.03,0.00,0.03,0.15,0.00,0.00,0.00,0.07,0.01,0.08,0.01,0.00,0.15,1.00,0.07,0.01
35,0.00,0.13,0.00,0.02,0.00,0.00,0.02,0.00,0.02,0.20,0.00,0.00,0.00,0.06,0.00,0.05,0.02,0.00,0.93,1.00,0.03,0.00
20,0.00,0.92,0.00,0.12,0.00,0.00,0.01,0.00,0.01,0.57,0.01,0.01,0.00,0.07,0.00,0.05,0.01,0.00,0.37,1.00,0.31,0.01
6,0.00,0.20,0.00,0.27,0.00,0.00,0.01,0.00,0.05,0.36,0.31,0.00,0.00,0.00,0.01,0.14,0.01,0.01,0.03,0.99,0.45,0.03
51,0.00,0.01,0.00,0.12,0.01,0.00,0.04,0.00,0.45,0.31,0.00,0.00,0.00,0.04,0.20,0.27,0.01,0.00,0.01,1.00,0.99,0.10
36,0.00,0.93,0.01,0.97,0.00,0.00,0.44,0.00,0.07,0.16,0.18,0.00,0.00,0.08,0.00,0.10,0.01,0.01,0.09,0.83,0.47,0.09
21,0.00,1.00,0.01,0.59,0.00,0.00,0.36,0.00,0.04,0.24,0.17,0.00,0.00,0.05,0.00,0.04,0.00,0.00,0.20,1.00,0.24,0.01
7,0.00,0.03,0.00,0.14,0.01,0.00,0.03,0.00,0.14,0.09,0.03,0.00,0.00,0.06,0.01,0.11,0.01,0.00,0.05,1.00,0.19,0.04
52,0.00,0.98,0.00,0.91,0.00,0.00,0.30,0.00,0.02,0.18,0.02,0.00,0.00,0.01,0.00,0.11,0.01,0.02,0.03,0.99,0.81,0.08
37,0.00,0.24,0.00,0.25,0.00,0.00,0.09,0.01,0.01,0.62,0.52,0.00,0.00,0.01,0.01,0.08,0.01,0.72,0.50,0.15,0.93,0.01
22,0.00,0.99,0.00,0.13,0.00,0.00,0.64,0.00,0.11,0.19,0.04,0.00,0.00,0.05,0.00,0.01,0.00,0.00,0.73,0.99,0.91,0.02
8,0.00,0.07,0.00,0.71,0.01,0.00,0.03,0.00,0.48,0.09,0.37,0.00,0.00,0.02,0.02,0.15,0.00,0.00,0.01,1.00,0.36,0.05
53,0.00,0.04,0.00,0.02,0.00,0.00,0.00,0.00,0.01,0.72,0.01,0.00,0.00,0.03,0.00,0.04,0.00,0.00,1.00,1.00,0.80,0.00
38,0.00,0.75,0.00,0.58,0.00,0.00,0.38,0.01,0.04,0.38,0.51,0.00,0.00,0.01,0.00,0.08,0.01,0.69,0.19,0.47,0.75,0.02
23,0.00,0.98,0.01,0.10,0.00,0.00,0.76,0.00,0.09,0.11,0.03,0.00,0.00,0.06,0.00,0.04,0.00,0.00,0.85,1.00,0.54,0.02
9,0.00,0.34,0.00,0.24,0.01,0.00,0.01,0.00,0.28,0.14,0.03,0.00,0.00,0.02,0.04,0.24,0.00,0.00,0.05,1.00,0.58,0.08
54,0.00,0.01,0.00,0.01,0.00,0.00,0.00,0.00,0.08,0.04,0.00,0.00,0.00,0.15,0.02,0.16,0.00,0.00,0.21,1.00,0.04,0.02
39,0.00,0.67,0.00,0.02,0.00,0.00,0.01,0.00,0.01,0.23,0.01,0.02,0.00,0.04,0.01,0.06,0.02,0.01,0.27,1.00,0.06,0.01
24,0.00,0.57,0.00,0.11,0.00,0.00,0.01,0.01,0.01,0.23,0.04,0.00,0.00,0.01,0.00,0.50,0.03,0.03,0.91,0.58,0.82,0.06
10,0.00,0.77,0.00,0.15,0.01,0.00,0.01,0.00,0.07,0.46,0.03,0.00,0.00,0.02,0.00,0.16,0.00,0.00,0.17,1.00,0.47,0.02
55,0.00,0.03,0.00,0.02,0.00,0.00,0.02,0.00,0.06,0.20,0.00,0.00,0.00,0.18,0.00,0.10,0.00,0.00,0.12,1.00,0.14,0.02
40,0.00,0.00,0.00,0.02,0.00,0.00,0.00,0.00,0.10,0.04,0.01,0.00,0.00,0.08,0.03,0.08,0.00,0.00,1.00,1.00,0.03,0.00
25,0.00,0.23,0.00,0.09,0.00,0.00,0.01,0.00,0.02,0.15,0.03,0.00,0.00,0.07,0.01,0.11,0.01,0.01,1.00,0.99,0.18,0.01
11,0.00,0.16,0.00,0.40,0.00,0.00,0.02,0.00,0.01,0.20,0.07,0.00,0.00,0.03,0.01,0.47,0.00,0.01,0.34,0.95,0.23,0.02
56,0.00,0.01,0.00,0.04,0.01,0.00,0.01,0.00,0.14,0.11,0.01,0.00,0.00,0.09,0.01,0.08,0.00,0.00,0.90,1.00,0.12,0.01
41,0.00,0.01,0.00,0.01,0.01,0.00,0.01,0.00,0.07,0.07,0.00,0.00,0.00,0.14,0.01,0.13,0.00,0.00,1.00,1.00,0.05,0.01
26,0.00,0.32,0.00,0.03,0.00,0.00,0.03,0.00,0.02,0.22,0.02,0.00,0.00,0.05,0.00,0.03,0.01,0.02,1.00,0.82,0.53,0.01
42,0.00,0.00,0.00,0.06,0.00,0.00,0.00,0.00,0.02,0.03,0.02,0.00,0.00,0.05,0.01,0.16,0.01,0.00,1.00,1.00,0.02,0.01
57,0.00,0.00,0.00,0.02,0.01,0.00,0.01,0.00,0.08,0.16,0.01,0.00,0.00,0.08,0.01,0.11,0.00,0.00,0.87,1.00,0.20,0.01
12,0.00,0.05,0.00,0.36,0.00,0.00,0.22,0.00,0.04,0.15,0.07,0.00,0.00,0.03,0.00,0.33,0.00,0.00,1.00,0.30,0.53,0.02
27,0.00,0.01,0.00,0.01,0.00,0.00,0.00,0.00,0.01,0.13,0.00,0.00,0.00,0.12,0.01,0.04,0.00,0.00,1.00,0.99,0.12,0.01
43,0.00,0.03,0.00,0.03,0.00,0.00,0.01,0.00,0.01,0.16,0.01,0.00,0.00,0.05,0.00,0.10,0.01,0.00,1.00,1.00,0.13,0.01
58,0.00,0.29,0.00,0.29,0.00,0.00,0.87,0.00,0.09,0.09,0.00,0.00,0.00,0.17,0.00,0.04,0.00,0.00,0.06,1.00,0.44,0.04
13,0.00,0.08,0.00,0.16,0.00,0.00,0.02,0.00,0.27,0.45,0.01,0.01,0.00,0.02,0.01,0.29,0.01,0.00,0.11,1.00,0.98,0.21
28,0.00,0.01,0.00,0.01,0.00,0.00,0.00,0.00,0.01,0.19,0.01,0.00,0.00,0.06,0.01,0.05,0.01,0.00,1.00,1.00,0.41,0.01
44,0.00,0.02,0.00,0.05,0.00,0.00,0.00,0.00,0.02,0.03,0.01,0.01,0.00,0.24,0.00,0.26,0.01,0.00,1.00,1.00,0.02,0.02
59,0.00,0.36,0.01,0.32,0.01,0.00,0.75,0.00,0.08,0.05,0.00,0.00,0.00,0.33,0.00,0.08,0.00,0.00,0.06,1.00,0.34,0.05
14,0.00,0.28,0.00,0.12,0.00,0.00,0.01,0.00,0.01,0.49,0.05,0.02,0.00,0.02,0.00,0.18,0.03,0.02,0.58,1.00,0.27,0.02
29,0.00,0.33,0.00,0.12,0.00,0.00,0.10,0.00,0.02,0.09,0.02,0.00,0.00,0.16,0.00,0.03,0.00,0.00,1.00,1.00,0.10,0.01
60,0.00,0.13,0.00,0.09,0.00,0.00,0.02,0.00,0.07,0.27,0.00,0.00,0.00,0.24,0.00,0.02,0.00,0.00,0.81,1.00,0.24,0.00
90,0.00,0.01,0.00,0.37,0.00,0.00,0.01,0.00,0.01,0.01,0.01,0.02,0.00,0.01,0.01,0.59,0.00,0.00,0.12,1.00,0.02,0.03
75,0.00,0.41,0.00,0.08,0.00,0.00,0.00,0.00,0.01,0.36,0.17,0.00,0.00,0.01,0.01,0.69,0.00,0.01,0.98,0.11,0.13,0.01
105,0.00,0.21,0.00,0.97,0.00,0.00,0.28,0.01,0.02,0.29,0.15,0.00,0.00,0.00,0.00,0.59,0.00,0.00,0.93,0.07,0.66,0.02
61,0.00,0.18,0.00,0.06,0.00,0.00,0.01,0.00,0.03,0.41,0.00,0.00,0.00,0.11,0.01,0.02,0.00,0.00,0.67,1.00,0.65,0.01
91,0.00,0.37,0.00,0.31,0.00,0.00,0.01,0.00,0.00,0.83,0.03,0.00,0.00,0.01,0.00,0.27,0.01,0.03,0.54,0.51,0.98,0.00
76,0.00,0.98,0.01,0.88,0.00,0.00,0.75,0.00,0.15,0.02,0.26,0.02,0.00,0.01,0.00,0.06,0.02,0.06,0.04,0.65,0.24,0.19
106,0.00,0.67,0.00,0.96,0.00,0.00,0.26,0.00,0.04,0.09,0.23,0.00,0.00,0.02,0.00,0.44,0.00,0.00,0.40,0.77,0.07,0.03
62,0.00,0.04,0.00,0.00,0.00,0.00,0.00,0.00,0.00,0.98,0.00,0.00,0.00,0.06,0.00,0.06,0.02,0.00,1.00,0.86,1.00,0.00
92,0.00,0.22,0.00,0.06,0.00,0.00,0.01,0.01,0.00,0.56,0.17,0.00,0.00,0.01,0.00,0.21,0.02,0.05,0.98,0.56,0.71,0.01
77,0.00,0.00,0.00,0.03,0.01,0.00,0.00,0.00,0.02,0.07,0.01,0.00,0.00,0.14,0.02,0.12,0.00,0.00,1.00,1.00,0.02,0.00
107,0.00,0.81,0.00,0.53,0.00,0.00,0.07,0.02,0.02,0.94,0.15,0.00,0.00,0.02,0.00,0.14,0.07,0.12,0.95,0.07,1.00,0.02
63,0.00,1.00,0.01,0.25,0.00,0.00,0.45,0.00,0.03,0.69,0.06,0.00,0.00,0.06,0.00,0.02,0.00,0.00,0.86,0.84,0.96,0.01
78,0.00,0.03,0.00,0.02,0.01,0.00,0.00,0.00,0.02,0.07,0.00,0.00,0.00,0.15,0.03,0.18,0.00,0.00,0.99,1.00,0.07,0.02
93,0.00,0.16,0.00,0.10,0.00,0.00,0.04,0.01,0.02,0.22,0.01,0.00,0.00,0.01,0.00,0.27,0.01,0.00,0.07,1.00,0.12,0.02
108,0.00,0.28,0.00,0.00,0.00,0.00,0.00,0.00,0.00,0.99,0.04,0.00,0.00,0.01,0.00,0.04,0.01,0.05,1.00,0.05,1.00,0.00
64,0.00,0.51,0.00,0.14,0.00,0.00,0.02,0.01,0.33,0.89,0.01,0.00,0.00,0.01,0.00,0.11,0.03,0.01,0.08,1.00,0.93,0.19
79,0.00,0.06,0.00,0.42,0.00,0.00,0.05,0.00,0.05,0.23,0.18,0.00,0.00,0.03,0.02,0.31,0.01,0.01,0.01,0.98,0.26,0.03
94,0.00,0.17,0.92,1.00,0.00,0.01,0.01,0.01,0.01,0.92,0.29,0.01,0.10,0.00,0.01,0.11,0.12,0.05,0.03,1.00,1.00,0.01
109,0.00,0.99,0.01,0.11,0.00,0.00,0.37,0.00,0.02,0.94,0.04,0.00,0.00,0.07,0.00,0.03,0.00,0.00,0.96,0.41,1.00,0.01
65,0.00,0.99,0.00,0.13,0.00,0.00,0.03,0.00,0.01,0.99,0.02,0.00,0.00,0.03,0.00,0.04,0.00,0.03,0.21,0.84,1.00,0.00
80,0.00,0.69,0.00,0.23,0.00,0.00,0.14,0.01,0.04,0.87,0.05,0.00,0.00,0.00,0.00,0.05,0.01,0.08,0.37,0.65,1.00,0.01
95,0.00,0.52,0.00,0.09,0.00,0.00,0.00,0.00,0.01,0.77,0.14,0.00,0.00,0.01,0.00,0.16,0.02,0.02,1.00,0.03,0.74,0.01
110,0.00,0.09,0.00,0.01,0.00,0.00,0.00,0.00,0.00,0.97,0.02,0.00,0.00,0.12,0.00,0.03,0.01,0.00,1.00,0.12,0.96,0.00
66,0.00,0.89,0.00,0.14,0.00,0.00,0.01,0.00,0.01,0.95,0.02,0.00,0.00,0.17,0.00,0.04,0.00,0.01,0.49,0.94,0.98,0.00
81,0.00,0.09,0.01,0.02,0.00,0.00,0.02,0.01,0.01,0.59,0.02,0.03,0.00,0.00,0.02,0.19,0.04,0.01,0.10,0.81,0.99,0.02
96,0.00,0.08,0.01,0.47,0.00,0.00,0.01,0.01,0.00,0.75,0.49,0.13,0.08,0.00,0.00,0.01,0.01,0.58,0.98,0.25,0.75,0.00
111,0.00,1.00,0.01,0.28,0.00,0.00,0.48,0.01,0.05,0.62,0.03,0.01,0.00,0.06,0.00,0.08,0.02,0.04,0.89,0.15,1.00,0.11
67,0.00,0.03,0.02,0.13,0.01,0.00,0.01,0.01,0.01,0.08,0.01,0.01,0.00,0.02,0.00,0.19,0.00,0.00,0.95,0.99,0.33,0.03
82,0.00,0.07,0.01,0.07,0.01,0.00,0.02,0.00,0.00,0.25,0.03,0.06,0.00,0.00,0.01,0.24,0.02,0.00,0.06,0.56,0.68,0.01
97,0.00,0.11,0.01,0.48,0.00,0.00,0.00,0.01,0.00,0.48,0.44,0.06,0.07,0.00,0.00,0.02,0.01,0.25,1.00,0.06,0.38,0.00
112,0.00,0.03,0.00,0.01,0.01,0.00,0.00,0.00,0.01,0.82,0.00,0.00,0.00,0.01,0.00,0.09,0.01,0.00,1.00,0.88,0.98,0.01
68,0.00,0.01,0.02,0.09,0.01,0.00,0.01,0.00,0.01,0.10,0.00,0.01,0.00,0.04,0.00,0.22,0.00,0.00,0.93,0.99,0.35,0.02
83,0.00,0.13,0.00,0.97,0.01,0.00,0.03,0.00,1.00,0.26,0.12,0.00,0.00,0.06,0.00,0.08,0.00,0.01,0.01,0.61,1.00,1.00
98,0.00,0.20,0.19,1.00,0.00,0.00,0.00,0.01,0.01,0.40,0.44,0.03,0.06,0.07,0.18,0.14,0.07,0.11,0.03,0.40,0.96,0.06
113,0.00,0.49,0.02,0.99,0.00,0.00,0.98,0.02,0.23,0.13,0.06,0.00,0.00,0.02,0.00,0.23,0.00,0.01,0.02,0.94,0.88,0.33
69,0.00,0.25,0.00,0.94,0.00,0.00,0.00,0.00,0.00,0.92,0.03,0.00,0.00,0.01,0.00,0.13,0.01,0.00,1.00,0.09,0.96,0.00
84,0.00,0.16,0.00,0.12,0.01,0.00,0.09,0.00,0.65,0.78,0.03,0.00,0.00,0.01,0.15,0.13,0.01,0.00,0.03,0.65,1.00,0.29
99,0.00,0.18,0.16,1.00,0.00,0.00,0.00,0.00,0.01,0.58,0.34,0.03,0.14,0.16,0.08,0.04,0.15,0.20,0.02,0.13,0.99,0.05
114,0.00,0.03,0.00,0.71,0.00,0.00,0.01,0.00,0.02,0.05,0.77,0.00,0.00,0.05,0.04,0.80,0.00,0.01,0.16,0.07,0.04,0.03
70,0.00,0.05,0.00,0.93,0.00,0.00,0.00,0.00,0.00,0.72,0.04,0.00,0.00,0.01,0.00,0.14,0.05,0.01,1.00,0.08,0.83,0.00
85,0.00,0.99,0.00,0.15,0.00,0.00,0.22,0.00,0.05,0.48,0.04,0.00,0.00,0.02,0.00,0.53,0.00,0.01,0.19,0.65,0.87,0.03
100,0.00,0.06,0.02,1.00,0.00,0.00,0.31,0.01,0.05,0.16,0.88,0.00,0.00,0.03,0.01,0.40,0.00,0.07,0.16,0.07,0.73,0.08
115,0.00,0.80,0.00,0.99,0.02,0.00,0.94,0.00,0.95,0.01,0.66,0.00,0.00,0.06,0.03,0.11,0.00,0.01,0.00,0.45,0.93,0.94
71,0.00,0.98,0.00,0.12,0.01,0.00,0.02,0.07,0.20,0.92,0.03,0.18,0.00,0.00,0.00,0.02,0.22,0.98,0.05,0.63,1.00,0.50
86,0.00,0.44,0.00,0.02,0.01,0.00,0.00,0.00,0.00,0.98,0.05,0.00,0.00,0.04,0.00,0.32,0.00,0.00,1.00,0.02,0.99,0.01
101,0.00,0.11,0.02,1.00,0.01,0.00,0.71,0.01,0.06,0.20,0.89,0.00,0.00,0.12,0.01,0.37,0.00,0.09,0.05,0.03,0.99,0.16
116,0.00,0.99,0.00,0.99,0.01,0.00,0.97,0.00,0.83,0.01,0.85,0.00,0.00,0.05,0.02,0.11,0.01,0.01,0.00,0.25,0.78,0.93
72,0.00,0.25,0.00,0.20,0.00,0.00,0.05,0.03,0.08,0.47,0.08,0.00,0.00,0.01,0.00,0.10,0.12,0.10,0.33,0.93,0.98,0.16
87,0.00,0.23,0.00,0.00,0.00,0.00,0.00,0.00,0.00,0.40,0.01,0.00,0.00,0.02,0.00,0.23,0.03,0.00,1.00,0.73,0.40,0.01
102,0.00,0.14,0.02,1.00,0.01,0.00,0.38,0.00,0.01,0.30,0.18,0.00,0.00,0.02,0.00,0.30,0.00,0.01,0.99,0.05,0.89,0.02
117,0.00,0.87,0.00,0.58,0.00,0.00,0.90,0.01,0.06,0.25,0.14,0.00,0.00,0.01,0.00,0.49,0.01,0.01,0.07,0.80,0.71,0.13
73,0.00,0.16,0.01,0.06,0.01,0.00,0.16,0.00,0.05,0.11,0.03,0.00,0.00,0.07,0.00,0.30,0.00,0.00,0.90,0.94,0.27,0.01
88,0.00,0.25,0.00,0.01,0.00,0.00,0.00,0.00,0.00,0.41,0.03,0.00,0.00,0.01,0.00,0.37,0.01,0.00,1.00,0.31,0.39,0.00
103,0.00,0.96,0.04,1.00,0.00,0.00,0.74,0.03,0.03,0.03,0.62,0.01,0.00,0.01,0.00,0.13,0.06,0.86,0.04,0.26,0.14,0.16
118,0.00,0.09,0.00,0.01,0.00,0.00,0.00,0.00,0.01,0.27,0.01,0.00,0.00,0.05,0.01,0.19,0.00,0.00,0.99,1.00,0.35,0.01
74,0.00,0.54,0.00,0.01,0.00,0.00,0.02,0.01,0.01,0.83,0.32,0.02,0.00,0.00,0.00,0.09,0.01,0.24,1.00,0.57,0.99,0.02
89,0.00,0.99,0.00,0.91,0.00,0.00,0.32,0.01,0.03,0.62,0.03,0.00,0.00,0.03,0.00,0.15,0.00,0.00,0.05,0.99,0.83,0.02
104,0.00,0.96,0.08,1.00,0.00,0.00,0.89,0.04,0.02,0.06,0.21,0.01,0.00,0.01,0.00,0.16,0.03,0.63,0.03,0.37,0.26,0.10
119,0.00,0.10,0.00,0.05,0.00,0.00,0.00,0.00,0.02,0.06,0.01,0.01,0.00,0.03,0.00,0.28,0.01,0.00,0.96,0.99,0.10,0.02
120,0.00,0.55,0.01,0.04,0.02,0.00,0.15,0.00,0.06,0.92,0.00,0.00,0.00,0.09,0.00,0.03,0.00,0.00,0.43,0.85,1.00,0.01
135,0.00,0.01,0.00,0.06,0.00,0.00,0.04,0.00,0.06,0.13,0.00,0.00,0.00,0.15,0.00,0.04,0.00,0.00,1.00,0.99,0.07,0.00
150,0.00,0.57,0.00,0.39,0.01,0.00,0.01,0.00,0.01,0.31,0.06,0.00,0.00,0.03,0.00,0.17,0.00,0.00,1.00,0.17,0.45,0.02
165,0.00,0.00,0.00,0.01,0.00,0.00,0.00,0.00,0.01,0.09,0.00,0.00,0.08,0.08,0.02,0.06,0.00,0.00,0.97,1.00,0.02,0.00
121,0.00,0.33,0.00,0.20,0.01,0.00,0.00,0.00,0.06,0.83,0.04,0.00,0.00,0.05,0.01,0.39,0.00,0.00,0.65,0.76,0.99,0.11
136,0.00,0.04,0.00,0.09,0.01,0.00,0.01,0.00,0.05,0.28,0.01,0.00,0.00,0.80,0.00,0.16,0.00,0.00,0.99,0.44,0.39,0.03
151,0.00,0.56,0.01,0.18,0.01,0.00,0.18,0.00,0.03,0.21,0.06,0.00,0.00,0.30,0.00,0.06,0.00,0.00,1.00,0.06,0.56,0.02
166,0.00,0.00,0.00,0.02,0.02,0.00,0.02,0.00,0.06,0.18,0.00,0.00,0.11,0.07,0.00,0.08,0.00,0.00,1.00,0.83,0.10,0.00
122,0.00,0.04,0.00,0.01,0.00,0.00,0.00,0.00,0.05,0.11,0.00,0.00,0.00,0.07,0.01,0.06,0.01,0.00,1.00,1.00,0.17,0.01
137,0.00,0.09,0.00,0.06,0.01,0.00,0.07,0.00,0.10,0.05,0.02,0.00,0.00,0.36,0.00,0.07,0.00,0.00,1.00,0.80,0.02,0.01
152,0.00,0.96,0.00,0.07,0.00,0.00,0.02,0.00,0.01,0.36,0.07,0.00,0.00,0.07,0.00,0.07,0.00,0.00,0.99,0.61,0.29,0.01
167,0.00,0.00,0.00,0.00,0.00,0.00,0.01,0.00,0.01,0.57,0.00,0.00,0.10,0.06,0.00,0.02,0.00,0.00,1.00,1.00,0.45,0.00
123,0.00,0.05,0.01,0.80,0.01,0.00,0.96,0.00,0.04,0.05,0.02,0.00,0.00,0.03,0.00,0.27,0.00,0.00,0.49,0.41,0.43,0.12
138,0.00,0.02,0.00,0.25,0.01,0.00,0.04,0.00,0.67,0.30,0.01,0.00,0.00,0.09,0.06,0.30,0.00,0.00,0.04,0.99,0.97,0.12
153,0.00,0.96,0.00,0.02,0.00,0.00,0.03,0.00,0.01,0.96,0.01,0.00,0.00,0.14,0.00,0.03,0.00,0.00,0.84,0.93,0.99,0.01
168,0.00,0.00,0.00,0.00,0.01,0.00,0.00,0.00,0.01,0.20,0.00,0.00,0.15,0.03,0.01,0.03,0.00,0.00,0.97,1.00,0.06,0.00
124,0.00,0.02,0.00,0.08,0.01,0.00,0.08,0.00,0.11,0.08,0.03,0.00,0.00,0.04,0.00,0.23,0.00,0.00,1.00,0.94,0.07,0.01
139,0.00,0.09,0.00,0.09,0.01,0.00,0.93,0.01,1.00,0.72,0.00,0.00,0.00,0.04,0.04,0.08,0.00,0.00,0.00,0.84,1.00,0.29
154,0.00,0.91,0.01,0.98,0.00,0.00,0.80,0.01,0.03,0.14,0.06,0.00,0.00,0.13,0.00,0.16,0.00,0.00,0.05,0.19,0.82,0.07
169,0.00,0.01,0.00,0.00,0.01,0.00,0.00,0.00,0.01,0.34,0.00,0.00,0.00,0.06,0.01,0.19,0.00,0.00,0.55,1.00,0.28,0.01
125,0.00,0.94,0.01,0.44,0.01,0.00,0.72,0.00,0.07,0.22,0.01,0.00,0.00,0.17,0.00,0.02,0.00,0.00,0.14,1.00,0.89,0.03
140,0.00,0.39,0.00,0.58,0.01,0.00,0.90,0.00,0.82,0.17,0.02,0.00,0.00,0.11,0.02,0.13,0.01,0.02,0.02,0.94,1.00,0.16
155,0.00,0.81,0.01,1.00,0.00,0.00,0.80,0.01,0.01,0.15,0.21,0.00,0.00,0.24,0.00,0.13,0.00,0.00,0.11,0.08,0.78,0.07
170,0.00,0.00,0.00,0.00,0.01,0.00,0.00,0.00,0.00,0.55,0.00,0.00,0.00,0.07,0.01,0.19,0.00,0.00,1.00,0.99,0.31,0.00
126,0.00,0.99,0.00,0.19,0.00,0.00,0.67,0.00,0.05,0.54,0.01,0.00,0.00,0.06,0.00,0.04,0.00,0.01,0.64,0.99,0.99,0.04
141,0.00,0.00,0.00,0.02,0.06,0.00,0.01,0.00,0.07,0.15,0.01,0.00,0.00,0.03,0.04,0.71,0.00,0.00,0.08,0.92,0.10,0.02
156,0.00,0.03,0.00,0.01,0.01,0.00,0.00,0.00,0.01,0.09,0.00,0.00,0.00,0.01,0.00,0.44,0.00,0.00,1.00,0.94,0.47,0.03
171,0.00,0.00,0.00,0.00,0.01,0.00,0.00,0.00,0.01,0.19,0.00,0.00,0.14,0.33,0.00,0.04,0.01,0.00,1.00,0.99,0.04,0.00
127,0.00,0.01,0.00,0.43,0.01,0.00,0.02,0.00,0.45,0.06,0.08,0.00,0.00,0.07,0.04,0.20,0.01,0.03,0.01,1.00,0.33,0.02
142,0.00,0.01,0.00,0.08,0.04,0.00,0.01,0.00,0.41,0.50,0.03,0.00,0.00,0.02,0.01,0.75,0.00,0.00,0.22,0.27,0.36,0.11
157,0.00,0.09,0.02,0.14,0.00,0.00,0.03,0.01,0.08,0.71,0.00,0.00,0.00,0.01,0.13,0.56,0.01,0.01,0.18,0.47,1.00,0.06
172,0.00,0.00,0.00,0.00,0.01,0.00,0.00,0.00,0.00,0.11,0.00,0.00,0.12,0.20,0.00,0.04,0.01,0.00,1.00,1.00,0.02,0.00
128,0.00,0.02,0.00,0.31,0.01,0.00,0.04,0.00,0.69,0.09,0.01,0.01,0.00,0.15,0.12,0.07,0.01,0.08,0.02,1.00,0.91,0.04
143,0.00,0.00,0.00,0.05,0.02,0.00,0.01,0.00,0.07,0.36,0.02,0.00,0.00,0.03,0.05,0.61,0.00,0.00,0.79,0.63,0.60,0.04
158,0.00,0.10,0.00,0.01,0.00,0.00,0.01,0.00,0.01,0.08,0.00,0.00,0.00,0.01,0.00,0.18,0.00,0.00,1.00,1.00,0.53,0.03
173,0.00,0.00,0.00,0.00,0.01,0.00,0.00,0.00,0.00,0.15,0.00,0.00,0.06,0.13,0.01,0.03,0.01,0.00,1.00,1.00,0.08,0.00
129,0.00,0.65,0.00,0.19,0.01,0.00,0.08,0.00,0.20,0.38,0.02,0.03,0.00,0.06,0.01,0.15,0.02,0.02,0.08,0.98,0.99,0.14
144,0.00,0.00,0.00,0.22,0.05,0.00,0.03,0.00,0.05,0.12,0.03,0.00,0.00,0.02,0.02,0.61,0.00,0.00,0.01,0.61,0.06,0.03
159,0.00,0.11,0.00,0.28,0.02,0.00,0.10,0.00,0.04,0.14,0.12,0.00,0.00,0.10,0.01,0.18,0.00,0.00,0.96,0.60,0.24,0.01
174,0.00,0.00,0.00,0.00,0.04,0.00,0.00,0.00,0.10,0.03,0.00,0.00,0.08,0.08,0.01,0.15,0.01,0.00,1.00,0.83,0.00,0.00
130,0.00,0.50,0.00,0.11,0.00,0.00,0.12,0.00,0.03,0.35,0.10,0.00,0.00,0.08,0.00,0.04,0.00,0.01,1.00,0.69,0.76,0.01
145,0.00,0.00,0.00,0.10,0.06,0.00,0.01,0.00,0.02,0.09,0.01,0.00,0.00,0.04,0.03,0.76,0.00,0.00,0.18,0.21,0.05,0.02
160,0.00,0.02,0.00,0.19,0.01,0.00,0.04,0.00,0.25,0.26,0.01,0.00,0.00,0.02,0.28,0.76,0.00,0.00,0.03,0.99,0.99,0.13
175,0.00,0.00,0.00,0.00,0.03,0.00,0.00,0.00,0.10,0.04,0.00,0.00,0.00,0.21,0.05,0.24,0.00,0.00,0.23,1.00,0.02,0.02
131,0.00,0.79,0.00,0.65,0.00,0.00,0.41,0.00,0.06,0.07,0.07,0.00,0.00,0.24,0.00,0.04,0.00,0.00,0.83,1.00,0.13,0.05
146,0.00,0.03,0.00,0.04,0.01,0.00,0.10,0.00,0.04,0.44,0.01,0.00,0.08,0.02,0.00,0.09,0.00,0.00,0.94,0.97,0.31,0.00
161,0.00,0.02,0.00,0.22,0.01,0.00,0.01,0.00,0.03,0.08,0.02,0.00,0.00,0.01,0.09,0.95,0.00,0.00,0.04,0.99,0.54,0.08
176,0.00,0.00,0.00,0.00,0.03,0.00,0.00,0.00,0.02,0.18,0.01,0.00,0.00,0.15,0.01,0.38,0.00,0.00,0.98,0.90,0.04,0.01
132,0.00,0.17,0.00,0.14,0.00,0.00,0.23,0.00,0.08,0.06,0.05,0.00,0.00,0.17,0.00,0.02,0.00,0.00,1.00,0.98,0.08,0.01
147,0.00,0.04,0.00,0.07,0.01,0.00,0.17,0.00,0.07,0.50,0.01,0.00,0.06,0.03,0.00,0.07,0.00,0.00,0.65,0.99,0.53,0.01
162,0.00,0.96,0.00,0.30,0.01,0.00,0.20,0.00,0.07,0.25,0.03,0.00,0.00,0.08,0.00,0.05,0.00,0.00,0.26,1.00,0.33,0.01
177,0.00,0.00,0.00,0.00,0.02,0.00,0.00,0.00,0.01,0.06,0.00,0.00,0.15,0.03,0.00,0.15,0.01,0.00,1.00,0.40,0.01,0.00
133,0.00,0.10,0.00,0.17,0.00,0.00,0.41,0.00,0.10,0.04,0.02,0.00,0.00,0.31,0.00,0.04,0.00,0.00,1.00,0.99,0.11,0.01
148,0.00,0.04,0.00,0.12,0.01,0.00,0.18,0.00,0.07,0.17,0.06,0.00,0.07,0.04,0.00,0.18,0.00,0.00,0.37,0.98,0.14,0.01
163,0.00,0.28,0.00,0.01,0.00,0.00,0.01,0.00,0.02,0.23,0.00,0.00,0.00,0.13,0.01,0.44,0.00,0.00,0.97,0.97,0.15,0.02
178,0.00,0.00,0.00,0.00,0.01,0.00,0.00,0.00,0.02,0.17,0.00,0.00,0.00,0.35,0.02,0.45,0.01,0.00,0.14,0.96,0.16,0.01
134,0.00,0.07,0.00,0.09,0.00,0.00,0.16,0.00,0.15,0.08,0.01,0.00,0.00,0.41,0.00,0.03,0.00,0.00,1.00,1.00,0.11,0.01
149,0.00,0.00,0.00,0.62,0.02,0.00,0.25,0.00,0.40,0.33,0.08,0.00,0.00,0.30,0.00,0.10,0.00,0.00,0.73,0.22,1.00,0.18
164,0.00,0.02,0.00,0.00,0.00,0.00,0.00,0.00,0.03,0.91,0.00,0.00,0.00,0.04,0.05,0.13,0.00,0.00,0.33,1.00,0.99,0.03
179,0.00,0.00,0.00,0.00,0.07,0.00,0.00,0.00,0.15,0.05,0.01,0.00,0.00,0.44,0.01,0.19,0.00,0.00,0.65,0.96,0.04,0.01
180,0.00,0.05,0.03,0.13,0.05,0.00,0.21,0.02,0.27,0.02,0.00,0.00,0.07,0.04,0.04,0.24,0.00,0.00,0.00,0.58,0.00,0.02
195,0.00,0.02,0.01,0.01,0.01,0.00,0.00,0.00,0.01,0.10,0.00,0.05,0.00,0.98,0.01,0.68,0.00,0.00,0.95,0.98,0.21,0.01
210,0.00,0.00,0.00,0.00,0.01,0.00,0.00,0.00,0.00,0.06,0.00,0.00,0.00,0.26,0.00,0.74,0.04,0.00,1.00,0.21,0.04,0.01
225,0.00,0.00,0.00,0.00,0.02,0.00,0.00,0.00,0.00,0.03,0.00,0.00,0.00,0.09,0.00,0.47,0.01,0.00,1.00,0.89,0.02,0.00
181,0.00,0.00,0.00,0.00,0.01,0.00,0.00,0.00,0.01,0.01,0.00,0.00,0.27,0.24,0.01,0.04,0.01,0.00,1.00,0.88,0.00,0.00
196,0.00,0.00,0.01,0.00,0.01,0.00,0.00,0.00,0.01,0.05,0.00,0.00,0.00,1.00,0.00,0.56,0.00,0.00,0.99,1.00,0.06,0.00
211,0.00,0.00,0.00,0.00,0.01,0.00,0.00,0.00,0.00,0.04,0.00,0.00,0.00,0.10,0.00,0.38,0.02,0.00,1.00,0.29,0.02,0.01
226,0.00,0.00,0.00,0.00,0.02,0.00,0.00,0.00,0.01,0.06,0.00,0.00,0.00,0.23,0.00,0.83,0.00,0.00,0.72,0.96,0.03,0.00
182,0.00,0.00,0.00,0.00,0.03,0.00,0.00,0.00,0.01,0.16,0.00,0.00,0.06,0.11,0.01,0.20,0.01,0.00,1.00,0.89,0.04,0.00
197,0.00,0.00,0.00,0.00,0.01,0.00,0.00,0.00,0.01,0.05,0.01,0.00,0.00,0.46,0.01,0.49,0.00,0.00,0.93,0.96,0.13,0.00
212,0.00,0.01,0.01,0.00,0.01,0.00,0.00,0.00,0.01,0.11,0.00,0.00,0.00,0.10,0.00,0.54,0.01,0.00,1.00,0.79,0.10,0.00
227,0.00,0.01,0.04,0.02,0.01,0.00,0.01,0.00,0.00,0.07,0.00,0.00,0.00,0.19,0.00,0.69,0.00,0.00,0.22,0.76,0.20,0.01
183,0.00,0.00,0.24,0.36,0.13,0.00,0.02,0.00,0.00,0.39,0.00,0.17,0.17,0.11,0.01,0.21,0.00,0.02,0.01,0.31,0.89,0.01
198,0.00,0.01,0.00,0.02,0.01,0.00,0.00,0.00,0.01,0.06,0.02,0.01,0.00,0.23,0.01,0.77,0.00,0.00,0.58,0.89,0.08,0.00
213,0.00,0.00,0.00,0.00,0.01,0.00,0.00,0.00,0.00,0.05,0.01,0.00,0.00,0.14,0.00,0.47,0.02,0.00,1.00,0.28,0.02,0.01
228,0.00,0.00,0.03,0.00,0.01,0.00,0.00,0.00,0.01,0.08,0.00,0.00,0.00,0.08,0.00,0.55,0.00,0.00,0.09,0.99,0.26,0.00
184,0.00,0.00,0.06,0.03,0.06,0.00,0.01,0.00,0.00,0.21,0.00,0.01,0.18,0.04,0.00,0.39,0.00,0.00,0.01,0.97,0.34,0.00
199,0.00,0.01,0.00,0.02,0.01,0.00,0.00,0.00,0.01,0.06,0.01,0.00,0.00,0.15,0.01,0.58,0.00,0.00,0.43,0.97,0.10,0.00
214,0.00,0.01,0.00,0.00,0.00,0.00,0.00,0.00,0.00,0.07,0.01,0.00,0.00,0.08,0.00,0.16,0.00,0.00,1.00,0.96,0.08,0.00
229,0.00,0.00,0.01,0.00,0.03,0.00,0.00,0.00,0.01,0.02,0.00,0.00,0.00,0.30,0.01,0.43,0.01,0.00,0.61,1.00,0.01,0.00
185,0.00,0.00,0.00,0.00,0.01,0.00,0.00,0.00,0.02,0.02,0.00,0.00,0.41,0.11,0.00,0.10,0.01,0.00,1.00,0.36,0.00,0.00
200,0.00,0.00,0.00,0.01,0.01,0.00,0.00,0.00,0.01,0.02,0.01,0.00,0.05,0.14,0.02,0.34,0.00,0.00,1.00,0.45,0.02,0.01
215,0.00,0.00,0.00,0.00,0.02,0.00,0.00,0.00,0.00,0.06,0.00,0.00,0.00,0.13,0.00,0.28,0.01,0.00,0.97,1.00,0.04,0.01
230,0.00,0.01,0.01,0.01,0.02,0.00,0.00,0.00,0.01,0.02,0.00,0.00,0.00,0.23,0.01,0.77,0.00,0.00,0.10,1.00,0.02,0.01
186,0.00,0.00,0.00,0.00,0.01,0.00,0.00,0.00,0.01,0.01,0.00,0.00,0.39,0.21,0.00,0.04,0.01,0.00,1.00,0.80,0.00,0.00
201,0.00,0.00,0.00,0.01,0.02,0.00,0.00,0.00,0.05,0.01,0.00,0.00,0.08,0.30,0.02,0.15,0.00,0.00,1.00,0.54,0.01,0.01
216,0.00,0.00,0.00,0.00,0.01,0.00,0.00,0.00,0.00,0.12,0.00,0.00,0.00,0.08,0.00,0.48,0.01,0.00,1.00,0.31,0.03,0.00
231,0.00,0.01,0.01,0.00,0.02,0.00,0.00,0.00,0.01,0.03,0.00,0.00,0.00,0.44,0.01,0.50,0.01,0.00,0.27,1.00,0.01,0.00
202,0.00,0.00,0.00,0.00,0.01,0.00,0.00,0.00,0.09,0.01,0.00,0.00,0.09,0.17,0.02,0.19,0.00,0.00,1.00,0.91,0.00,0.01
187,0.00,0.00,0.00,0.92,0.01,0.00,0.00,0.00,0.00,0.95,0.01,0.00,0.00,0.20,0.00,0.87,0.03,0.02,0.37,0.01,0.96,0.01
217,0.00,0.00,0.00,0.00,0.02,0.00,0.00,0.00,0.01,0.06,0.00,0.00,0.11,0.14,0.00,0.22,0.01,0.00,1.00,0.63,0.03,0.01
232,0.00,0.01,0.01,0.01,0.01,0.00,0.00,0.00,0.00,0.02,0.00,0.00,0.00,0.15,0.01,0.43,0.01,0.00,0.19,1.00,0.01,0.01
203,0.00,0.32,0.01,0.01,0.03,0.00,0.00,0.01,0.05,0.53,0.01,0.41,0.00,0.78,0.02,0.39,0.01,0.01,0.13,0.10,0.80,0.02
188,0.00,0.00,0.01,0.00,0.06,0.00,0.00,0.00,0.02,0.02,0.00,0.00,0.00,0.99,0.01,0.83,0.00,0.00,0.68,0.96,0.01,0.00
233,0.00,0.00,0.01,0.00,0.02,0.00,0.00,0.00,0.01,0.03,0.00,0.00,0.00,0.56,0.01,0.64,0.01,0.00,0.74,0.98,0.01,0.01
218,0.00,0.00,0.00,0.01,0.03,0.00,0.00,0.00,0.01,0.10,0.00,0.00,0.00,0.03,0.00,0.92,0.00,0.00,1.00,0.23,0.04,0.00
189,0.00,0.00,0.00,0.00,0.02,0.00,0.00,0.00,0.00,0.10,0.00,0.00,0.00,0.14,0.00,0.60,0.00,0.00,0.46,0.99,0.22,0.00
204,0.00,0.09,0.03,0.30,0.05,0.00,0.01,0.01,0.01,0.10,0.03,0.62,0.00,0.14,0.17,0.26,0.02,0.05,0.01,0.04,0.09,0.03
234,0.00,0.02,0.00,0.01,0.01,0.00,0.00,0.00,0.01,0.05,0.02,0.00,0.00,0.15,0.01,0.36,0.00,0.00,0.76,0.96,0.04,0.01
219,0.00,0.00,0.00,0.01,0.02,0.00,0.00,0.00,0.00,0.05,0.00,0.00,0.00,0.12,0.00,0.73,0.01,0.00,1.00,0.36,0.02,0.00
190,0.00,0.00,0.00,0.00,0.02,0.00,0.00,0.00,0.01,0.11,0.01,0.00,0.00,0.14,0.00,0.87,0.00,0.00,0.89,0.95,0.09,0.00
205,0.00,0.02,0.04,0.00,0.03,0.00,0.00,0.00,0.02,0.09,0.00,0.04,0.00,1.00,0.02,0.42,0.00,0.00,0.61,0.96,0.25,0.00
235,0.00,0.02,0.00,0.01,0.01,0.00,0.00,0.00,0.00,0.05,0.02,0.00,0.00,0.12,0.01,0.23,0.00,0.00,0.98,0.99,0.05,0.01
220,0.00,0.00,0.00,0.01,0.07,0.00,0.00,0.00,0.03,0.17,0.00,0.00,0.00,0.04,0.00,0.99,0.00,0.00,0.99,0.04,0.15,0.01
191,0.00,0.04,0.00,0.01,0.01,0.00,0.00,0.01,0.05,0.27,0.01,0.02,0.00,0.22,0.02,0.49,0.00,0.00,0.75,0.17,0.23,0.01
206,0.00,0.00,0.00,0.00,0.01,0.00,0.00,0.00,0.01,0.07,0.00,0.01,0.00,0.88,0.00,0.94,0.00,0.00,0.89,0.88,0.20,0.00
221,0.00,0.00,0.00,0.00,0.02,0.00,0.00,0.00,0.01,0.08,0.00,0.00,0.00,0.31,0.00,0.77,0.01,0.00,1.00,0.39,0.06,0.01
207,0.00,0.00,0.00,0.00,0.02,0.00,0.00,0.00,0.01,0.07,0.00,0.00,0.10,0.40,0.00,0.29,0.00,0.00,1.00,1.00,0.02,0.00
192,0.00,0.01,0.00,0.01,0.01,0.00,0.00,0.00,0.06,0.34,0.01,0.02,0.00,0.14,0.04,0.60,0.00,0.00,0.66,0.26,0.61,0.01
222,0.00,0.00,0.00,0.00,0.01,0.00,0.00,0.00,0.00,0.04,0.00,0.00,0.00,0.78,0.00,0.73,0.03,0.00,1.00,0.56,0.02,0.00
208,0.00,0.00,0.00,0.00,0.04,0.00,0.00,0.00,0.01,0.07,0.00,0.00,0.08,0.26,0.00,0.57,0.01,0.00,1.00,0.22,0.01,0.00
193,0.00,0.00,0.00,0.00,0.01,0.00,0.00,0.00,0.01,0.09,0.01,0.00,0.00,0.44,0.01,0.60,0.02,0.00,0.75,0.36,0.10,0.01
223,0.00,0.00,0.01,0.00,0.02,0.00,0.00,0.00,0.00,0.10,0.00,0.00,0.00,0.07,0.00,0.40,0.00,0.00,0.18,0.99,0.23,0.01
209,0.00,0.01,0.01,0.00,0.04,0.00,0.00,0.00,0.01,0.08,0.00,0.00,0.00,0.84,0.00,0.52,0.01,0.00,0.92,0.94,0.05,0.00
194,0.00,0.01,0.01,0.01,0.01,0.00,0.00,0.00,0.01,0.11,0.00,0.09,0.00,0.92,0.01,0.78,0.00,0.00,0.89,0.91,0.22,0.01
224,0.00,0.00,0.00,0.00,0.02,0.00,0.00,0.00,0.00,0.08,0.00,0.00,0.00,0.10,0.00,0.45,0.01,0.00,0.86,0.97,0.07,0.00
