0,0.00,0.00,0.00,0.00,0.02,0.00,0.22,0.00,0.02,0.00,0.00,0.00,0.05,0.48,0.95,0.01,0.38,0.00,0.18,0.06,0.00,0.01
30,0.00,0.95,0.00,0.09,0.00,0.00,0.11,0.00,0.01,0.26,0.02,0.00,0.00,0.02,0.00,0.06,0.01,0.00,0.17,1.00,0.19,0.01
15,0.00,0.04,0.00,0.01,0.00,0.00,0.00,0.00,0.01,0.04,0.01,0.00,0.00,0.04,0.00,0.10,0.01,0.00,1.00,0.95,0.08,0.01
45,0.00,0.03,0.00,0.03,0.00,0.00,0.00,0.00,0.01,0.03,0.01,0.00,0.00,0.07,0.01,0.13,0.01,0.00,1.00,0.99,0.01,0.01
1,0.00,0.82,0.01,0.63,0.00,0.00,0.56,0.01,0.03,0.15,0.04,0.00,0.00,0.03,0.00,0.15,0.01,0.00,0.99,0.74,0.68,0.05
31,0.00,0.87,0.00,0.09,0.00,0.00,0.23,0.01,0.09,0.90,0.04,0.00,0.00,0.00,0.00,0.02,0.08,0.33,0.95,0.53,0.99,0.01
16,0.00,0.98,0.00,0.61,0.00,0.00,0.59,0.00,0.04,0.15,0.24,0.00,0.00,0.01,0.00,0.23,0.01,0.01,0.22,0.68,0.58,0.04
46,0.00,0.89,0.00,0.19,0.00,0.00,0.10,0.00,0.03,0.14,0.03,0.00,0.00,0.04,0.00,0.11,0.00,0.00,1.00,0.94,0.15,0.01
2,0.00,0.12,0.00,0.41,0.00,0.00,0.03,0.01,0.01,0.11,0.50,0.00,0.00,0.01,0.02,0.31,0.05,0.37,0.09,0.36,0.02,0.03
32,0.00,0.19,0.00,0.01,0.00,0.00,0.00,0.00,0.00,0.94,0.03,0.00,0.00,0.25,0.00,0.02,0.02,0.10,1.00,0.71,0.97,0.00
17,0.00,0.87,0.00,0.06,0.00,0.00,0.05,0.00,0.01,0.70,0.01,0.00,0.00,0.08,0.00,0.07,0.00,0.01,0.43,1.00,0.90,0.01
47,0.00,0.01,0.00,0.13,0.01,0.00,0.00,0.00,0.01,0.06,0.05,0.00,0.00,0.02,0.00,0.35,0.00,0.00,1.00,0.04,0.06,0.01
3,0.00,0.00,0.00,0.70,0.00,0.00,0.05,0.01,0.01,0.05,0.16,0.00,0.00,0.01,0.01,0.30,0.00,0.01,0.30,0.97,0.02,0.01
33,0.00,0.12,0.00,0.01,0.00,0.00,0.00,0.00,0.00,0.85,0.03,0.00,0.00,0.20,0.00,0.03,0.02,0.03,1.00,0.81,0.95,0.00
18,0.00,0.99,0.01,0.36,0.00,0.00,0.80,0.00,0.07,0.08,0.01,0.00,0.00,0.26,0.00,0.03,0.00,0.00,0.17,1.00,0.51,0.04
48,0.00,0.19,0.00,0.10,0.01,0.00,0.02,0.01,0.03,0.28,0.12,0.00,0.00,0.02,0.00,0.10,0.02,0.01,1.00,0.26,0.25,0.02
4,0.00,0.01,0.00,0.16,0.01,0.00,0.03,0.00,0.05,0.04,0.05,0.00,0.00,0.08,0.01,0.34,0.01,0.00,0.11,1.00,0.02,0.03
34,0.00,0.08,0.00,0.00,0.00,0.00,0.00,0.00,0.00,0.62,0.03,0.00,0.00,0.04,0.00,0.02,0.01,0.01,1.00,0.34,0.97,0.00
19,0.00,0.99,0.01,0.59,0.00,0.00,0.59,0.00,0.07,0.10,0.01,0.00,0.00,0.22,0.00,0.03,0.00,0.00,0.17,1.00,0.26,0.02
49,0.00,0.67,0.00,0.03,0.00,0.00,0.05,0.00,0.01,0.61,0.01,0.00,0.00,0.02,0.00,0.02,0.00,0.00,0.84,1.00,0.99,0.00
5,0.00,0.07,0.02,0.81,0.00,0.00,0.06,0.03,0.01,0.13,0.02,0.17,0.00,0.00,0.00,0.31,0.07,0.05,0.06,0.21,0.42,0.07
35,0.00,0.14,0.00,0.02,0.00,0.00,0.03,0.00,0.02,0.18,0.00,0.00,0.00,0.05,0.00,0.04,0.02,0.00,0.93,1.00,0.03,0.00
20,0.00,0.93,0.00,0.12,0.00,0.00,0.01,0.00,0.01,0.51,0.01,0.00,0.00,0.05,0.00,0.04,0.01,0.00,0.34,1.00,0.28,0.01
50,0.00,0.02,0.00,0.02,0.00,0.00,0.05,0.00,0.05,0.14,0.00,0.00,0.00,0.07,0.01,0.07,0.01,0.00,0.10,1.00,0.06,0.01
6,0.00,0.24,0.00,0.18,0.00,0.00,0.02,0.00,0.07,0.35,0.32,0.00,0.00,0.00,0.01,0.11,0.01,0.01,0.02,0.99,0.49,0.03
36,0.00,0.91,0.01,0.95,0.00,0.00,0.52,0.00,0.09,0.15,0.11,0.00,0.00,0.07,0.00,0.08,0.01,0.01,0.08,0.89,0.54,0.11
21,0.00,1.00,0.01,0.47,0.00,0.00,0.61,0.00,0.05,0.21,0.15,0.00,0.00,0.04,0.00,0.03,0.00,0.00,0.20,1.00,0.30,0.02
51,0.00,0.01,0.00,0.09,0.01,0.00,0.07,0.00,0.56,0.31,0.00,0.00,0.00,0.03,0.28,0.22,0.01,0.00,0.02,1.00,0.99,0.08
7,0.00,0.03,0.00,0.13,0.01,0.00,0.05,0.00,0.19,0.08,0.03,0.00,0.00,0.06,0.01,0.10,0.01,0.00,0.04,1.00,0.16,0.04
37,0.00,0.23,0.00,0.18,0.00,0.00,0.13,0.01,0.02,0.77,0.37,0.00,0.00,0.01,0.01,0.06,0.02,0.66,0.50,0.19,0.99,0.01
22,0.00,0.98,0.01,0.08,0.00,0.00,0.75,0.00,0.10,0.19,0.03,0.00,0.00,0.04,0.00,0.01,0.00,0.00,0.68,1.00,0.95,0.02
52,0.00,0.98,0.00,0.82,0.00,0.00,0.40,0.01,0.02,0.16,0.02,0.00,0.00,0.01,0.00,0.09,0.01,0.02,0.03,0.99,0.81,0.07
8,0.00,0.07,0.00,0.64,0.01,0.00,0.09,0.00,0.54,0.08,0.45,0.00,0.00,0.02,0.01,0.13,0.00,0.00,0.01,1.00,0.38,0.05
38,0.00,0.69,0.00,0.42,0.00,0.00,0.51,0.01,0.05,0.50,0.36,0.00,0.00,0.01,0.00,0.06,0.02,0.64,0.19,0.50,0.96,0.03
23,0.00,0.95,0.01,0.07,0.00,0.00,0.87,0.00,0.09,0.10,0.02,0.00,0.00,0.05,0.00,0.03,0.00,0.00,0.82,1.00,0.62,0.02
53,0.00,0.04,0.00,0.02,0.00,0.00,0.00,0.00,0.01,0.74,0.01,0.00,0.00,0.02,0.00,0.03,0.00,0.00,1.00,1.00,0.89,0.00
9,0.00,0.31,0.00,0.19,0.00,0.00,0.02,0.00,0.30,0.17,0.02,0.00,0.00,0.01,0.03,0.19,0.00,0.00,0.04,1.00,0.65,0.08
39,0.00,0.69,0.00,0.01,0.00,0.00,0.01,0.00,0.02,0.26,0.01,0.01,0.00,0.03,0.01,0.05,0.02,0.01,0.29,1.00,0.07,0.01
24,0.00,0.52,0.00,0.11,0.00,0.00,0.02,0.01,0.01,0.21,0.03,0.00,0.00,0.01,0.00,0.42,0.04,0.03,0.89,0.74,0.80,0.05
54,0.00,0.01,0.00,0.01,0.00,0.00,0.01,0.00,0.08,0.04,0.00,0.00,0.00,0.14,0.02,0.13,0.01,0.00,0.20,1.00,0.05,0.02
10,0.00,0.77,0.00,0.14,0.01,0.00,0.03,0.00,0.10,0.45,0.02,0.00,0.00,0.02,0.00,0.14,0.00,0.00,0.13,1.00,0.60,0.02
40,0.00,0.00,0.00,0.02,0.00,0.00,0.01,0.00,0.14,0.03,0.01,0.00,0.00,0.06,0.02,0.06,0.00,0.00,1.00,1.00,0.03,0.00
25,0.00,0.23,0.00,0.09,0.00,0.00,0.02,0.00,0.04,0.15,0.03,0.00,0.00,0.06,0.00,0.07,0.01,0.01,1.00,1.00,0.23,0.01
55,0.00,0.03,0.00,0.02,0.00,0.00,0.03,0.00,0.08,0.20,0.00,0.00,0.00,0.15,0.00,0.09,0.01,0.00,0.09,1.00,0.13,0.02
11,0.00,0.21,0.00,0.32,0.00,0.00,0.03,0.00,0.02,0.22,0.06,0.00,0.00,0.03,0.01,0.37,0.00,0.01,0.34,0.97,0.34,0.03
41,0.00,0.01,0.00,0.01,0.01,0.00,0.02,0.00,0.10,0.08,0.00,0.00,0.00,0.11,0.01,0.10,0.00,0.00,1.00,1.00,0.09,0.01
26,0.00,0.27,0.00,0.03,0.00,0.00,0.06,0.00,0.02,0.23,0.02,0.00,0.00,0.04,0.00,0.03,0.00,0.02,1.00,0.84,0.75,0.01
56,0.00,0.01,0.00,0.04,0.01,0.00,0.02,0.00,0.17,0.10,0.01,0.00,0.00,0.08,0.01,0.06,0.00,0.00,0.89,1.00,0.12,0.01
12,0.00,0.05,0.00,0.27,0.01,0.00,0.36,0.00,0.04,0.16,0.07,0.00,0.00,0.03,0.00,0.28,0.00,0.00,1.00,0.34,0.71,0.02
42,0.00,0.00,0.00,0.05,0.00,0.00,0.00,0.00,0.02,0.03,0.01,0.00,0.00,0.04,0.01,0.13,0.02,0.00,0.99,1.00,0.02,0.01
27,0.00,0.01,0.00,0.01,0.00,0.00,0.00,0.00,0.01,0.13,0.00,0.00,0.00,0.09,0.01,0.03,0.00,0.00,1.00,0.99,0.15,0.01
57,0.00,0.00,0.00,0.02,0.01,0.00,0.01,0.00,0.11,0.16,0.01,0.00,0.00,0.07,0.01,0.08,0.00,0.00,0.85,1.00,0.23,0.01
13,0.00,0.06,0.00,0.15,0.00,0.00,0.04,0.00,0.26,0.46,0.00,0.00,0.00,0.01,0.02,0.26,0.01,0.01,0.08,1.00,0.99,0.17
43,0.00,0.04,0.00,0.02,0.00,0.00,0.01,0.00,0.02,0.15,0.01,0.00,0.00,0.04,0.00,0.08,0.01,0.00,1.00,1.00,0.13,0.01
28,0.00,0.02,0.00,0.01,0.00,0.00,0.01,0.00,0.01,0.19,0.01,0.00,0.00,0.05,0.01,0.04,0.01,0.00,1.00,1.00,0.48,0.01
58,0.00,0.28,0.00,0.39,0.00,0.00,0.90,0.00,0.08,0.09,0.00,0.00,0.00,0.11,0.00,0.04,0.00,0.00,0.05,1.00,0.32,0.04
14,0.00,0.37,0.00,0.11,0.00,0.00,0.01,0.00,0.01,0.53,0.06,0.01,0.00,0.01,0.00,0.15,0.04,0.02,0.43,1.00,0.36,0.02
44,0.00,0.02,0.00,0.04,0.00,0.00,0.00,0.00,0.02,0.04,0.01,0.00,0.00,0.16,0.00,0.19,0.01,0.00,1.00,1.00,0.03,0.02
29,0.00,0.34,0.00,0.10,0.00,0.00,0.13,0.00,0.03,0.08,0.02,0.00,0.00,0.12,0.00,0.02,0.00,0.00,1.00,1.00,0.11,0.01
59,0.00,0.33,0.01,0.30,0.01,0.00,0.81,0.00,0.07,0.05,0.00,0.00,0.00,0.24,0.00,0.06,0.00,0.00,0.06,1.00,0.26,0.06
60,0.00,0.20,0.00,0.11,0.00,0.00,0.04,0.00,0.10,0.23,0.00,0.00,0.00,0.18,0.00,0.01,0.00,0.00,0.82,1.00,0.28,0.00
75,0.00,0.41,0.00,0.09,0.00,0.00,0.01,0.00,0.01,0.40,0.13,0.00,0.00,0.00,0.01,0.58,0.00,0.01,0.98,0.13,0.25,0.01
90,0.00,0.01,0.00,0.27,0.00,0.00,0.02,0.00,0.01,0.01,0.01,0.02,0.00,0.01,0.01,0.41,0.00,0.00,0.13,1.00,0.01,0.03
105,0.00,0.18,0.00,0.96,0.00,0.00,0.41,0.01,0.02,0.27,0.10,0.00,0.00,0.00,0.00,0.41,0.00,0.00,0.94,0.09,0.76,0.02
61,0.00,0.23,0.00,0.05,0.00,0.00,0.01,0.00,0.04,0.38,0.00,0.00,0.00,0.08,0.01,0.02,0.00,0.00,0.65,1.00,0.70,0.01
76,0.00,0.97,0.01,0.84,0.00,0.00,0.85,0.00,0.15,0.01,0.23,0.01,0.00,0.01,0.00,0.06,0.03,0.07,0.04,0.72,0.22,0.21
91,0.00,0.29,0.00,0.28,0.00,0.00,0.02,0.00,0.00,0.83,0.03,0.00,0.00,0.00,0.00,0.18,0.01,0.03,0.61,0.60,0.99,0.00
106,0.00,0.78,0.00,0.96,0.00,0.00,0.41,0.00,0.05,0.11,0.21,0.00,0.00,0.01,0.00,0.32,0.00,0.00,0.40,0.76,0.09,0.03
62,0.00,0.04,0.00,0.00,0.00,0.00,0.00,0.00,0.00,0.98,0.00,0.00,0.00,0.05,0.00,0.05,0.02,0.00,1.00,0.87,1.00,0.00
77,0.00,0.01,0.00,0.02,0.01,0.00,0.01,0.00,0.03,0.06,0.01,0.00,0.00,0.12,0.02,0.09,0.00,0.00,1.00,1.00,0.02,0.00
92,0.00,0.17,0.00,0.06,0.00,0.00,0.01,0.01,0.01,0.59,0.19,0.00,0.00,0.00,0.00,0.15,0.01,0.06,0.99,0.70,0.80,0.01
107,0.00,0.80,0.00,0.47,0.00,0.00,0.13,0.02,0.03,0.94,0.12,0.00,0.00,0.01,0.00,0.09,0.08,0.13,0.95,0.09,1.00,0.03
78,0.00,0.03,0.00,0.01,0.01,0.00,0.00,0.00,0.02,0.08,0.00,0.00,0.00,0.13,0.03,0.14,0.01,0.00,0.99,1.00,0.09,0.02
63,0.00,1.00,0.01,0.28,0.00,0.00,0.54,0.00,0.03,0.75,0.06,0.00,0.00,0.04,0.00,0.02,0.00,0.00,0.75,0.85,0.98,0.01
93,0.00,0.23,0.00,0.11,0.00,0.00,0.07,0.01,0.03,0.20,0.01,0.00,0.00,0.01,0.00,0.20,0.01,0.00,0.06,1.00,0.11,0.02
108,0.00,0.25,0.00,0.00,0.00,0.00,0.00,0.00,0.00,1.00,0.03,0.00,0.00,0.01,0.00,0.03,0.01,0.04,1.00,0.05,1.00,0.00
79,0.00,0.04,0.00,0.32,0.00,0.00,0.11,0.00,0.11,0.20,0.11,0.00,0.00,0.03,0.02,0.25,0.01,0.01,0.01,0.99,0.27,0.03
64,0.00,0.64,0.00,0.15,0.00,0.00,0.03,0.01,0.35,0.93,0.01,0.00,0.00,0.00,0.00,0.09,0.03,0.01,0.07,1.00,0.97,0.18
94,0.00,0.12,0.91,1.00,0.00,0.01,0.01,0.01,0.01,0.93,0.33,0.00,0.11,0.00,0.00,0.09,0.10,0.05,0.05,1.00,1.00,0.01
109,0.00,0.99,0.01,0.09,0.00,0.00,0.52,0.00,0.02,0.95,0.03,0.00,0.00,0.06,0.00,0.03,0.00,0.00,0.94,0.44,1.00,0.01
80,0.00,0.64,0.00,0.19,0.00,0.00,0.26,0.02,0.05,0.85,0.05,0.00,0.00,0.00,0.00,0.04,0.01,0.08,0.34,0.77,1.00,0.02
65,0.00,0.99,0.00,0.14,0.00,0.00,0.05,0.00,0.01,0.99,0.02,0.00,0.00,0.03,0.00,0.03,0.00,0.03,0.17,0.84,1.00,0.00
95,0.00,0.54,0.00,0.08,0.00,0.00,0.00,0.00,0.01,0.81,0.12,0.00,0.00,0.01,0.00,0.12,0.02,0.02,1.00,0.03,0.87,0.01
110,0.00,0.06,0.00,0.01,0.00,0.00,0.00,0.00,0.00,0.97,0.02,0.00,0.00,0.09,0.00,0.03,0.01,0.00,1.00,0.15,0.98,0.00
81,0.00,0.09,0.01,0.02,0.00,0.00,0.04,0.01,0.02,0.55,0.02,0.01,0.00,0.00,0.03,0.15,0.05,0.01,0.07,0.89,0.99,0.02
66,0.00,0.87,0.00,0.17,0.00,0.00,0.02,0.00,0.01,0.96,0.02,0.00,0.00,0.14,0.00,0.03,0.00,0.01,0.50,0.94,0.99,0.00
96,0.00,0.08,0.02,0.44,0.00,0.00,0.01,0.01,0.00,0.71,0.54,0.07,0.08,0.00,0.00,0.01,0.01,0.55,0.99,0.24,0.81,0.00
111,0.00,0.99,0.01,0.21,0.00,0.00,0.65,0.01,0.06,0.64,0.04,0.01,0.00,0.03,0.00,0.06,0.03,0.04,0.87,0.20,1.00,0.13
82,0.00,0.08,0.01,0.05,0.01,0.00,0.03,0.01,0.00,0.24,0.04,0.03,0.00,0.00,0.01,0.15,0.02,0.00,0.06,0.72,0.67,0.01
97,0.00,0.09,0.01,0.36,0.00,0.00,0.01,0.01,0.00,0.48,0.42,0.04,0.07,0.00,0.00,0.02,0.01,0.20,1.00,0.07,0.49,0.00
112,0.00,0.02,0.00,0.00,0.01,0.00,0.00,0.00,0.02,0.85,0.00,0.00,0.00,0.01,0.00,0.08,0.01,0.00,1.00,0.89,0.99,0.01
67,0.00,0.03,0.02,0.13,0.01,0.00,0.02,0.01,0.02,0.08,0.01,0.00,0.00,0.02,0.00,0.14,0.00,0.00,0.95,1.00,0.36,0.03
83,0.00,0.16,0.00,0.97,0.01,0.00,0.07,0.00,1.00,0.25,0.10,0.00,0.00,0.05,0.00,0.07,0.01,0.01,0.01,0.69,1.00,1.00
113,0.00,0.54,0.02,0.99,0.00,0.00,0.99,0.02,0.25,0.13,0.05,0.00,0.00,0.01,0.00,0.18,0.00,0.01,0.01,0.97,0.93,0.38
98,0.00,0.10,0.24,1.00,0.00,0.00,0.00,0.00,0.02,0.40,0.49,0.02,0.07,0.06,0.07,0.09,0.06,0.12,0.05,0.56,0.99,0.06
68,0.00,0.01,0.03,0.10,0.01,0.00,0.01,0.00,0.01,0.10,0.01,0.01,0.00,0.04,0.00,0.17,0.00,0.00,0.93,1.00,0.31,0.02
84,0.00,0.10,0.00,0.06,0.01,0.00,0.17,0.00,0.75,0.75,0.02,0.00,0.00,0.01,0.15,0.11,0.02,0.00,0.02,0.68,1.00,0.30
114,0.00,0.02,0.00,0.70,0.01,0.00,0.01,0.00,0.03,0.06,0.66,0.00,0.00,0.04,0.03,0.75,0.00,0.01,0.16,0.09,0.06,0.03
99,0.00,0.09,0.19,1.00,0.00,0.00,0.01,0.00,0.01,0.50,0.32,0.02,0.14,0.13,0.03,0.03,0.10,0.17,0.02,0.17,1.00,0.05
69,0.00,0.14,0.00,0.90,0.00,0.00,0.00,0.00,0.00,0.90,0.03,0.00,0.00,0.01,0.00,0.12,0.01,0.00,1.00,0.10,0.96,0.00
85,0.00,0.99,0.00,0.14,0.00,0.00,0.31,0.00,0.06,0.51,0.03,0.00,0.00,0.01,0.00,0.47,0.00,0.01,0.12,0.79,0.92,0.03
115,0.00,0.74,0.00,0.98,0.02,0.00,0.97,0.00,0.97,0.01,0.47,0.00,0.00,0.05,0.03,0.10,0.01,0.00,0.00,0.52,0.95,0.96
100,0.00,0.06,0.04,1.00,0.00,0.00,0.47,0.01,0.07,0.15,0.85,0.00,0.00,0.02,0.01,0.27,0.00,0.03,0.17,0.15,0.87,0.09
70,0.00,0.03,0.00,0.90,0.00,0.00,0.00,0.00,0.00,0.69,0.03,0.00,0.00,0.01,0.00,0.12,0.06,0.01,1.00,0.08,0.84,0.00
86,0.00,0.40,0.00,0.02,0.01,0.00,0.00,0.00,0.00,0.98,0.05,0.00,0.00,0.03,0.00,0.26,0.00,0.00,0.99,0.03,1.00,0.01
116,0.00,0.98,0.00,0.98,0.01,0.00,0.98,0.00,0.89,0.01,0.67,0.00,0.00,0.05,0.02,0.10,0.01,0.00,0.00,0.27,0.86,0.95
101,0.00,0.09,0.03,1.00,0.01,0.00,0.77,0.01,0.09,0.19,0.80,0.00,0.00,0.09,0.01,0.26,0.00,0.03,0.05,0.05,0.99,0.19
71,0.00,0.97,0.00,0.11,0.01,0.00,0.04,0.10,0.25,0.92,0.04,0.06,0.00,0.00,0.01,0.02,0.21,0.99,0.04,0.61,1.00,0.53
87,0.00,0.22,0.00,0.00,0.00,0.00,0.00,0.00,0.00,0.46,0.01,0.00,0.00,0.02,0.00,0.19,0.03,0.00,1.00,0.72,0.60,0.00
117,0.00,0.82,0.00,0.55,0.00,0.00,0.96,0.01,0.08,0.22,0.12,0.00,0.00,0.01,0.00,0.38,0.01,0.01,0.08,0.86,0.81,0.16
102,0.00,0.13,0.03,1.00,0.01,0.00,0.53,0.00,0.01,0.29,0.18,0.00,0.00,0.02,0.00,0.19,0.00,0.00,0.99,0.09,0.93,0.02
72,0.00,0.30,0.00,0.23,0.00,0.00,0.08,0.04,0.11,0.51,0.09,0.00,0.00,0.00,0.00,0.08,0.11,0.13,0.33,0.91,0.98,0.18
88,0.00,0.22,0.00,0.00,0.00,0.00,0.00,0.00,0.00,0.49,0.02,0.00,0.00,0.01,0.00,0.28,0.01,0.00,1.00,0.32,0.67,0.00
118,0.00,0.09,0.00,0.00,0.00,0.00,0.00,0.00,0.01,0.31,0.01,0.00,0.00,0.04,0.01,0.15,0.00,0.00,1.00,1.00,0.45,0.01
103,0.00,0.96,0.06,1.00,0.00,0.00,0.88,0.03,0.03,0.02,0.54,0.00,0.00,0.01,0.00,0.09,0.06,0.79,0.04,0.36,0.15,0.16
73,0.00,0.12,0.01,0.07,0.01,0.00,0.24,0.00,0.06,0.10,0.03,0.00,0.00,0.08,0.00,0.26,0.00,0.00,0.85,0.94,0.31,0.01
89,0.00,0.99,0.00,0.86,0.00,0.00,0.51,0.01,0.04,0.52,0.03,0.00,0.00,0.03,0.00,0.11,0.00,0.00,0.04,0.99,0.85,0.03
119,0.00,0.09,0.00,0.04,0.00,0.00,0.00,0.00,0.02,0.07,0.01,0.00,0.00,0.03,0.00,0.23,0.01,0.01,0.97,0.99,0.17,0.02
104,0.00,0.98,0.15,1.00,0.00,0.00,0.96,0.04,0.03,0.05,0.19,0.00,0.00,0.01,0.00,0.11,0.02,0.48,0.03,0.54,0.28,0.11
74,0.00,0.39,0.00,0.01,0.00,0.00,0.03,0.01,0.01,0.88,0.25,0.01,0.00,0.00,0.00,0.07,0.01,0.24,1.00,0.73,1.00,0.02
120,0.00,0.52,0.01,0.03,0.02,0.00,0.20,0.00,0.06,0.90,0.00,0.00,0.00,0.08,0.00,0.03,0.00,0.00,0.33,0.85,1.00,0.01
135,0.00,0.02,0.00,0.04,0.00,0.00,0.08,0.00,0.07,0.12,0.00,0.00,0.00,0.13,0.00,0.03,0.00,0.00,1.00,0.99,0.10,0.00
150,0.00,0.63,0.00,0.33,0.01,0.00,0.01,0.00,0.01,0.31,0.05,0.00,0.00,0.03,0.00,0.14,0.01,0.00,1.00,0.24,0.47,0.02
165,0.00,0.00,0.00,0.01,0.00,0.00,0.00,0.00,0.01,0.07,0.00,0.00,0.09,0.08,0.02,0.05,0.00,0.00,0.98,1.00,0.02,0.00
121,0.00,0.34,0.00,0.17,0.01,0.00,0.00,0.00,0.10,0.80,0.03,0.00,0.00,0.05,0.01,0.32,0.00,0.00,0.51,0.84,0.99,0.13
136,0.00,0.05,0.00,0.07,0.02,0.00,0.02,0.00,0.06,0.25,0.01,0.00,0.00,0.71,0.01,0.13,0.00,0.00,0.98,0.50,0.42,0.03
151,0.00,0.46,0.01,0.16,0.01,0.00,0.23,0.00,0.03,0.17,0.04,0.00,0.00,0.26,0.00,0.06,0.00,0.00,1.00,0.07,0.51,0.02
166,0.00,0.00,0.00,0.02,0.02,0.00,0.03,0.00,0.08,0.15,0.00,0.00,0.12,0.06,0.00,0.08,0.00,0.00,1.00,0.84,0.11,0.00
122,0.00,0.04,0.00,0.01,0.00,0.00,0.01,0.00,0.05,0.11,0.00,0.00,0.00,0.05,0.01,0.05,0.01,0.00,1.00,1.00,0.19,0.01
137,0.00,0.10,0.00,0.05,0.01,0.00,0.10,0.00,0.11,0.04,0.02,0.00,0.00,0.33,0.00,0.06,0.00,0.00,1.00,0.81,0.02,0.01
152,0.00,0.95,0.00,0.06,0.00,0.00,0.02,0.00,0.01,0.44,0.06,0.00,0.00,0.06,0.00,0.05,0.00,0.00,0.98,0.65,0.40,0.01
167,0.00,0.00,0.00,0.00,0.00,0.00,0.02,0.00,0.01,0.58,0.00,0.00,0.11,0.05,0.00,0.02,0.00,0.00,1.00,1.00,0.50,0.00
123,0.00,0.05,0.01,0.68,0.01,0.00,0.97,0.00,0.04,0.04,0.02,0.00,0.00,0.03,0.00,0.21,0.00,0.00,0.50,0.51,0.33,0.12
138,0.00,0.01,0.00,0.15,0.01,0.00,0.08,0.00,0.82,0.26,0.00,0.00,0.00,0.08,0.07,0.26,0.00,0.00,0.05,0.99,0.97,0.15
153,0.00,0.93,0.00,0.01,0.00,0.00,0.04,0.00,0.02,0.97,0.01,0.00,0.00,0.09,0.00,0.03,0.00,0.00,0.76,0.94,1.00,0.01
168,0.00,0.00,0.00,0.00,0.01,0.00,0.00,0.00,0.01,0.18,0.00,0.00,0.16,0.03,0.01,0.03,0.00,0.00,0.97,1.00,0.05,0.00
124,0.00,0.02,0.00,0.07,0.01,0.00,0.11,0.00,0.13,0.07,0.02,0.00,0.00,0.04,0.00,0.18,0.00,0.00,1.00,0.95,0.08,0.01
139,0.00,0.11,0.00,0.08,0.01,0.00,0.98,0.01,1.00,0.74,0.00,0.00,0.00,0.05,0.05,0.07,0.00,0.00,0.00,0.82,1.00,0.27
154,0.00,0.83,0.01,0.98,0.00,0.00,0.82,0.01,0.04,0.12,0.04,0.00,0.00,0.13,0.00,0.13,0.00,0.00,0.05,0.23,0.77,0.07
169,0.00,0.00,0.00,0.00,0.02,0.00,0.00,0.00,0.01,0.29,0.00,0.00,0.00,0.05,0.01,0.18,0.00,0.00,0.50,1.00,0.22,0.00
125,0.00,0.89,0.01,0.33,0.01,0.00,0.79,0.00,0.06,0.20,0.01,0.00,0.00,0.13,0.00,0.01,0.00,0.00,0.13,1.00,0.81,0.04
140,0.00,0.34,0.00,0.49,0.01,0.00,0.97,0.00,0.85,0.14,0.02,0.00,0.00,0.10,0.03,0.11,0.01,0.01,0.02,0.96,1.00,0.17
155,0.00,0.64,0.01,1.00,0.00,0.00,0.82,0.01,0.02,0.13,0.15,0.00,0.00,0.22,0.00,0.10,0.00,0.00,0.11,0.10,0.70,0.06
170,0.00,0.00,0.00,0.00,0.02,0.00,0.00,0.00,0.00,0.51,0.00,0.00,0.00,0.07,0.01,0.18,0.00,0.00,1.00,0.99,0.26,0.00
126,0.00,0.99,0.00,0.13,0.00,0.00,0.78,0.00,0.05,0.54,0.01,0.00,0.00,0.05,0.00,0.04,0.00,0.01,0.59,0.99,0.99,0.04
141,0.00,0.00,0.00,0.02,0.06,0.00,0.01,0.00,0.08,0.14,0.01,0.00,0.00,0.03,0.03,0.64,0.00,0.00,0.07,0.93,0.10,0.02
156,0.00,0.03,0.00,0.01,0.01,0.00,0.00,0.00,0.01,0.10,0.00,0.00,0.00,0.01,0.00,0.34,0.00,0.00,1.00,0.95,0.49,0.02
171,0.00,0.00,0.00,0.00,0.01,0.00,0.00,0.00,0.01,0.20,0.00,0.00,0.13,0.32,0.00,0.03,0.01,0.00,1.00,0.98,0.05,0.00
127,0.00,0.01,0.00,0.41,0.01,0.00,0.05,0.00,0.50,0.06,0.07,0.00,0.00,0.06,0.03,0.18,0.01,0.04,0.01,1.00,0.35,0.02
142,0.00,0.01,0.00,0.08,0.04,0.00,0.01,0.00,0.43,0.51,0.02,0.00,0.00,0.02,0.01,0.71,0.00,0.00,0.23,0.25,0.38,0.09
157,0.00,0.07,0.02,0.10,0.00,0.00,0.03,0.01,0.08,0.65,0.00,0.00,0.00,0.01,0.13,0.39,0.01,0.01,0.25,0.59,0.99,0.05
172,0.00,0.00,0.00,0.00,0.01,0.00,0.00,0.00,0.00,0.12,0.00,0.00,0.11,0.18,0.01,0.04,0.01,0.00,1.00,1.00,0.03,0.00
128,0.00,0.02,0.00,0.23,0.01,0.00,0.12,0.00,0.66,0.10,0.01,0.01,0.00,0.13,0.12,0.06,0.01,0.06,0.02,1.00,0.96,0.04
143,0.00,0.00,0.00,0.05,0.02,0.00,0.02,0.00,0.07,0.36,0.01,0.00,0.00,0.03,0.04,0.51,0.00,0.00,0.78,0.62,0.71,0.03
158,0.00,0.10,0.00,0.01,0.00,0.00,0.01,0.00,0.01,0.08,0.00,0.00,0.00,0.01,0.00,0.14,0.00,0.00,1.00,1.00,0.59,0.02
173,0.00,0.00,0.00,0.00,0.01,0.00,0.00,0.00,0.00,0.16,0.00,0.00,0.06,0.11,0.01,0.03,0.01,0.00,1.00,1.00,0.10,0.00
129,0.00,0.45,0.00,0.14,0.01,0.00,0.15,0.00,0.21,0.38,0.02,0.01,0.00,0.04,0.01,0.13,0.02,0.02,0.10,0.99,0.99,0.13
144,0.00,0.00,0.00,0.15,0.06,0.00,0.04,0.00,0.05,0.10,0.02,0.00,0.00,0.02,0.02,0.54,0.00,0.00,0.01,0.67,0.05,0.02
159,0.00,0.10,0.00,0.28,0.02,0.00,0.15,0.00,0.06,0.12,0.11,0.00,0.00,0.08,0.00,0.15,0.00,0.00,0.96,0.57,0.23,0.02
174,0.00,0.00,0.00,0.00,0.04,0.00,0.00,0.00,0.11,0.03,0.00,0.00,0.08,0.08,0.01,0.16,0.01,0.00,1.00,0.83,0.00,0.00
130,0.00,0.44,0.00,0.09,0.00,0.00,0.18,0.00,0.04,0.34,0.08,0.00,0.00,0.07,0.00,0.03,0.00,0.00,1.00,0.71,0.83,0.01
145,0.00,0.00,0.00,0.08,0.06,0.00,0.01,0.00,0.02,0.08,0.01,0.00,0.00,0.04,0.02,0.68,0.00,0.00,0.21,0.25,0.06,0.02
160,0.00,0.01,0.00,0.18,0.01,0.00,0.06,0.00,0.31,0.23,0.01,0.00,0.00,0.02,0.30,0.71,0.00,0.00,0.04,0.99,0.99,0.11
175,0.00,0.00,0.00,0.00,0.03,0.00,0.00,0.00,0.10,0.04,0.00,0.00,0.00,0.21,0.05,0.20,0.00,0.00,0.22,1.00,0.02,0.02
131,0.00,0.76,0.00,0.54,0.00,0.00,0.53,0.00,0.06,0.07,0.06,0.00,0.00,0.21,0.00,0.03,0.00,0.00,0.79,1.00,0.15,0.04
146,0.00,0.03,0.00,0.04,0.01,0.00,0.17,0.00,0.05,0.41,0.01,0.00,0.09,0.02,0.00,0.08,0.00,0.00,0.92,0.96,0.37,0.00
161,0.00,0.01,0.00,0.20,0.01,0.00,0.02,0.00,0.03,0.07,0.01,0.00,0.00,0.01,0.10,0.94,0.00,0.00,0.05,1.00,0.45,0.06
176,0.00,0.00,0.00,0.00,0.03,0.00,0.00,0.00,0.02,0.17,0.01,0.00,0.00,0.15,0.01,0.33,0.00,0.00,0.97,0.91,0.04,0.01
132,0.00,0.16,0.00,0.11,0.00,0.00,0.30,0.00,0.09,0.06,0.04,0.00,0.00,0.14,0.00,0.02,0.00,0.00,1.00,0.99,0.09,0.01
147,0.00,0.05,0.00,0.05,0.01,0.00,0.25,0.00,0.07,0.47,0.01,0.00,0.07,0.03,0.00,0.06,0.00,0.00,0.59,0.98,0.59,0.01
162,0.00,0.94,0.00,0.25,0.01,0.00,0.29,0.00,0.08,0.20,0.02,0.00,0.00,0.06,0.00,0.05,0.00,0.00,0.18,1.00,0.31,0.01
177,0.00,0.00,0.00,0.00,0.02,0.00,0.00,0.00,0.01,0.06,0.00,0.00,0.15,0.03,0.00,0.15,0.01,0.00,1.00,0.39,0.01,0.00
133,0.00,0.09,0.00,0.15,0.00,0.00,0.52,0.00,0.10,0.03,0.01,0.00,0.00,0.24,0.00,0.04,0.00,0.00,1.00,0.99,0.11,0.02
148,0.00,0.04,0.00,0.10,0.01,0.00,0.23,0.00,0.07,0.15,0.05,0.00,0.08,0.03,0.00,0.15,0.00,0.00,0.35,0.98,0.14,0.01
163,0.00,0.24,0.00,0.01,0.00,0.00,0.01,0.00,0.03,0.24,0.00,0.00,0.00,0.10,0.01,0.38,0.01,0.00,0.97,0.98,0.20,0.02
178,0.00,0.00,0.00,0.00,0.01,0.00,0.00,0.00,0.02,0.20,0.00,0.00,0.00,0.34,0.02,0.39,0.01,0.00,0.16,0.97,0.21,0.01
134,0.00,0.08,0.00,0.08,0.00,0.00,0.25,0.00,0.17,0.07,0.01,0.00,0.00,0.33,0.00,0.02,0.00,0.00,1.00,1.00,0.15,0.01
149,0.00,0.00,0.00,0.58,0.03,0.00,0.29,0.00,0.45,0.29,0.06,0.00,0.00,0.24,0.00,0.09,0.00,0.00,0.72,0.23,0.99,0.18
164,0.00,0.02,0.00,0.00,0.00,0.00,0.00,0.00,0.03,0.92,0.00,0.00,0.00,0.03,0.06,0.11,0.00,0.00,0.36,1.00,0.99,0.02
179,0.00,0.00,0.00,0.00,0.07,0.00,0.00,0.00,0.13,0.05,0.01,0.00,0.00,0.41,0.01,0.17,0.00,0.00,0.70,0.96,0.04,0.01
180,0.00,0.05,0.04,0.13,0.05,0.00,0.22,0.02,0.26,0.02,0.00,0.00,0.07,0.04,0.03,0.22,0.00,0.00,0.00,0.59,0.00,0.01
195,0.00,0.02,0.01,0.01,0.00,0.00,0.00,0.00,0.01,0.13,0.00,0.04,0.00,0.98,0.01,0.59,0.00,0.00,0.94,0.99,0.30,0.01
210,0.00,0.00,0.00,0.00,0.01,0.00,0.00,0.00,0.01,0.06,0.00,0.00,0.00,0.23,0.00,0.72,0.04,0.00,1.00,0.24,0.04,0.01
225,0.00,0.00,0.00,0.00,0.02,0.00,0.00,0.00,0.00,0.03,0.00,0.00,0.00,0.10,0.00,0.41,0.01,0.00,1.00,0.89,0.02,0.00
181,0.00,0.00,0.00,0.00,0.01,0.00,0.00,0.00,0.01,0.01,0.00,0.00,0.27,0.22,0.01,0.04,0.01,0.00,1.00,0.87,0.00,0.00
196,0.00,0.00,0.01,0.00,0.01,0.00,0.00,0.00,0.01,0.07,0.00,0.00,0.00,1.00,0.00,0.47,0.00,0.00,0.99,1.00,0.08,0.00
211,0.00,0.00,0.00,0.00,0.01,0.00,0.00,0.00,0.00,0.06,0.00,0.00,0.00,0.09,0.00,0.36,0.02,0.00,1.00,0.27,0.03,0.00
226,0.00,0.00,0.00,0.00,0.02,0.00,0.00,0.00,0.01,0.05,0.00,0.00,0.00,0.26,0.00,0.77,0.00,0.00,0.70,0.96,0.03,0.00
182,0.00,0.00,0.00,0.00,0.03,0.00,0.00,0.00,0.00,0.16,0.00,0.00,0.06,0.11,0.01,0.18,0.01,0.00,1.00,0.89,0.05,0.00
197,0.00,0.00,0.00,0.00,0.01,0.00,0.00,0.00,0.01,0.06,0.01,0.01,0.00,0.53,0.01,0.38,0.00,0.00,0.94,0.96,0.19,0.00
212,0.00,0.01,0.01,0.00,0.01,0.00,0.00,0.00,0.01,0.11,0.00,0.00,0.00,0.11,0.00,0.46,0.01,0.00,1.00,0.82,0.09,0.00
227,0.00,0.01,0.05,0.03,0.01,0.00,0.01,0.00,0.00,0.07,0.00,0.00,0.00,0.19,0.00,0.57,0.00,0.00,0.24,0.80,0.18,0.00
183,0.00,0.00,0.28,0.45,0.11,0.00,0.02,0.00,0.00,0.42,0.00,0.14,0.18,0.10,0.00,0.20,0.00,0.01,0.01,0.40,0.89,0.01
198,0.00,0.01,0.00,0.03,0.01,0.00,0.00,0.00,0.01,0.08,0.01,0.01,0.00,0.18,0.01,0.68,0.00,0.00,0.56,0.94,0.15,0.00
213,0.00,0.00,0.00,0.00,0.01,0.00,0.00,0.00,0.00,0.05,0.01,0.00,0.00,0.12,0.00,0.44,0.02,0.00,1.00,0.24,0.02,0.00
228,0.00,0.00,0.03,0.00,0.01,0.00,0.00,0.00,0.01,0.08,0.00,0.00,0.00,0.08,0.00,0.48,0.00,0.00,0.07,0.99,0.29,0.00
184,0.00,0.00,0.06,0.02,0.05,0.00,0.01,0.00,0.00,0.24,0.00,0.01,0.19,0.05,0.00,0.30,0.00,0.00,0.02,0.98,0.31,0.00
199,0.00,0.01,0.00,0.02,0.01,0.00,0.00,0.00,0.01,0.07,0.01,0.00,0.00,0.15,0.01,0.48,0.00,0.00,0.43,0.98,0.14,0.00
214,0.00,0.01,0.00,0.00,0.00,0.00,0.00,0.00,0.00,0.08,0.01,0.00,0.00,0.07,0.00,0.13,0.00,0.00,1.00,0.97,0.09,0.00
229,0.00,0.00,0.01,0.00,0.02,0.00,0.00,0.00,0.01,0.02,0.00,0.00,0.00,0.28,0.01,0.40,0.01,0.00,0.64,1.00,0.01,0.00
185,0.00,0.00,0.00,0.00,0.01,0.00,0.00,0.00,0.02,0.02,0.00,0.00,0.43,0.12,0.00,0.10,0.01,0.00,1.00,0.34,0.00,0.00
200,0.00,0.00,0.00,0.01,0.01,0.00,0.00,0.00,0.01,0.02,0.01,0.00,0.05,0.15,0.02,0.30,0.00,0.00,1.00,0.47,0.02,0.01
230,0.00,0.01,0.01,0.01,0.02,0.00,0.00,0.00,0.01,0.02,0.00,0.00,0.00,0.22,0.01,0.69,0.00,0.00,0.09,1.00,0.02,0.01
215,0.00,0.00,0.00,0.00,0.02,0.00,0.00,0.00,0.00,0.06,0.00,0.00,0.00,0.12,0.00,0.25,0.01,0.00,0.96,1.00,0.03,0.00
186,0.00,0.00,0.00,0.00,0.01,0.00,0.00,0.00,0.01,0.01,0.00,0.00,0.39,0.20,0.00,0.03,0.01,0.00,1.00,0.76,0.00,0.00
201,0.00,0.00,0.00,0.01,0.02,0.00,0.00,0.00,0.04,0.01,0.00,0.00,0.08,0.32,0.02,0.13,0.00,0.00,1.00,0.58,0.01,0.01
231,0.00,0.01,0.01,0.00,0.02,0.00,0.00,0.00,0.01,0.03,0.00,0.00,0.00,0.42,0.01,0.44,0.01,0.00,0.22,1.00,0.02,0.00
216,0.00,0.00,0.00,0.00,0.01,0.00,0.00,0.00,0.00,0.13,0.00,0.00,0.00,0.07,0.00,0.46,0.01,0.00,1.00,0.30,0.04,0.00
187,0.00,0.00,0.00,0.95,0.01,0.00,0.00,0.00,0.00,0.96,0.01,0.00,0.00,0.18,0.00,0.79,0.03,0.01,0.34,0.02,0.98,0.01
202,0.00,0.00,0.00,0.00,0.01,0.00,0.00,0.00,0.09,0.01,0.00,0.00,0.09,0.19,0.02,0.18,0.00,0.00,1.00,0.91,0.00,0.01
232,0.00,0.01,0.01,0.01,0.01,0.00,0.00,0.00,0.00,0.02,0.00,0.00,0.00,0.14,0.01,0.38,0.01,0.00,0.16,1.00,0.01,0.01
217,0.00,0.00,0.00,0.00,0.02,0.00,0.00,0.00,0.01,0.06,0.00,0.00,0.12,0.15,0.00,0.20,0.00,0.00,1.00,0.61,0.03,0.00
188,0.00,0.00,0.01,0.00,0.06,0.00,0.00,0.00,0.02,0.03,0.00,0.00,0.00,0.99,0.01,0.73,0.00,0.00,0.64,0.96,0.01,0.00
203,0.00,0.24,0.01,0.01,0.03,0.00,0.00,0.01,0.05,0.65,0.01,0.31,0.00,0.69,0.02,0.34,0.01,0.01,0.11,0.14,0.89,0.02
233,0.00,0.00,0.01,0.00,0.02,0.00,0.00,0.00,0.01,0.03,0.00,0.00,0.00,0.52,0.01,0.59,0.01,0.00,0.64,0.98,0.02,0.01
218,0.00,0.00,0.00,0.01,0.03,0.00,0.00,0.00,0.01,0.10,0.00,0.00,0.00,0.03,0.00,0.89,0.00,0.00,1.00,0.24,0.05,0.00
189,0.00,0.00,0.00,0.00,0.02,0.00,0.01,0.00,0.00,0.11,0.00,0.00,0.00,0.15,0.00,0.49,0.00,0.00,0.48,0.99,0.25,0.00
204,0.00,0.07,0.02,0.40,0.04,0.00,0.02,0.01,0.01,0.13,0.02,0.39,0.00,0.12,0.13,0.25,0.02,0.05,0.01,0.06,0.16,0.03
234,0.00,0.01,0.00,0.02,0.01,0.00,0.00,0.00,0.01,0.07,0.02,0.00,0.00,0.13,0.01,0.30,0.00,0.00,0.69,0.96,0.06,0.01
219,0.00,0.00,0.00,0.01,0.02,0.00,0.00,0.00,0.01,0.05,0.00,0.00,0.00,0.11,0.00,0.69,0.01,0.00,1.00,0.37,0.02,0.00
190,0.00,0.00,0.00,0.00,0.02,0.00,0.00,0.00,0.01,0.10,0.00,0.00,0.00,0.14,0.00,0.84,0.00,0.00,0.86,0.95,0.08,0.00
205,0.00,0.02,0.04,0.00,0.03,0.00,0.00,0.00,0.02,0.10,0.00,0.04,0.00,1.00,0.02,0.36,0.00,0.00,0.69,0.96,0.30,0.00
235,0.00,0.02,0.00,0.01,0.01,0.00,0.00,0.00,0.00,0.06,0.02,0.00,0.00,0.10,0.01,0.19,0.00,0.00,0.98,0.99,0.07,0.01
220,0.00,0.00,0.00,0.01,0.06,0.00,0.00,0.00,0.03,0.18,0.00,0.00,0.00,0.04,0.00,0.99,0.00,0.00,0.99,0.05,0.18,0.01
191,0.00,0.03,0.00,0.01,0.01,0.00,0.00,0.01,0.05,0.35,0.01,0.01,0.00,0.20,0.02,0.45,0.00,0.00,0.68,0.21,0.32,0.01
206,0.00,0.00,0.00,0.00,0.01,0.00,0.00,0.00,0.01,0.09,0.00,0.01,0.00,0.90,0.00,0.90,0.00,0.00,0.92,0.88,0.23,0.00
221,0.00,0.00,0.00,0.00,0.02,0.00,0.00,0.00,0.01,0.08,0.00,0.00,0.00,0.28,0.00,0.73,0.01,0.00,1.00,0.41,0.06,0.01
192,0.00,0.01,0.00,0.01,0.01,0.00,0.00,0.00,0.06,0.42,0.01,0.01,0.00,0.12,0.03,0.54,0.00,0.00,0.59,0.29,0.71,0.01
207,0.00,0.00,0.00,0.00,0.02,0.00,0.00,0.00,0.01,0.06,0.00,0.00,0.10,0.45,0.00,0.27,0.00,0.00,1.00,1.00,0.01,0.00
222,0.00,0.00,0.00,0.00,0.01,0.00,0.00,0.00,0.00,0.04,0.00,0.00,0.00,0.80,0.00,0.67,0.03,0.00,1.00,0.61,0.03,0.00
193,0.00,0.00,0.00,0.00,0.01,0.00,0.00,0.00,0.01,0.11,0.01,0.00,0.00,0.48,0.01,0.49,0.03,0.00,0.72,0.44,0.14,0.01
208,0.00,0.00,0.00,0.00,0.04,0.00,0.00,0.00,0.01,0.06,0.00,0.00,0.08,0.27,0.00,0.53,0.01,0.00,1.00,0.22,0.01,0.00
223,0.00,0.00,0.01,0.00,0.02,0.00,0.00,0.00,0.00,0.12,0.00,0.00,0.00,0.08,0.00,0.32,0.00,0.00,0.17,0.99,0.22,0.01
194,0.00,0.02,0.01,0.01,0.01,0.00,0.00,0.00,0.01,0.15,0.00,0.07,0.00,0.93,0.01,0.69,0.00,0.00,0.87,0.95,0.31,0.01
209,0.00,0.01,0.01,0.00,0.04,0.00,0.00,0.00,0.01,0.08,0.00,0.00,0.00,0.88,0.00,0.45,0.01,0.00,0.92,0.96,0.05,0.00
224,0.00,0.00,0.00,0.00,0.02,0.00,0.00,0.00,0.00,0.09,0.00,0.00,0.00,0.10,0.00,0.38,0.00,0.00,0.81,0.98,0.07,0.00
