17,0.00,0.01,0.00,0.88,0.00,0.00,0.11,0.00,0.20,0.12,0.07,0.00,0.00,0.01,0.01,0.23,0.00,0.00,0.98,0.60,0.33,0.04
51,0.00,0.05,0.00,0.76,0.00,0.00,0.09,0.01,0.22,0.69,0.19,0.00,0.00,0.00,0.01,0.39,0.01,0.01,0.13,0.12,0.97,0.11
34,0.00,0.03,0.00,0.96,0.00,0.00,0.13,0.01,0.26,0.29,0.15,0.00,0.00,0.00,0.00,0.34,0.00,0.01,0.57,0.14,0.70,0.13
0,0.00,0.03,0.00,0.20,0.00,0.00,0.03,0.00,0.16,0.47,0.10,0.00,0.00,0.01,0.01,0.38,0.00,0.00,1.00,0.15,0.88,0.10
18,0.00,0.04,0.00,0.96,0.00,0.00,0.19,0.01,0.26,0.34,0.07,0.00,0.00,0.01,0.01,0.26,0.00,0.00,0.65,0.22,0.92,0.09
52,0.00,0.08,0.00,0.88,0.00,0.00,0.10,0.01,0.23,0.78,0.22,0.00,0.00,0.00,0.00,0.36,0.01,0.01,0.07,0.12,0.99,0.12
35,0.00,0.03,0.00,0.98,0.00,0.00,0.11,0.01,0.21,0.27,0.18,0.00,0.00,0.00,0.00,0.38,0.00,0.01,0.34,0.13,0.61,0.13
1,0.00,0.02,0.00,0.54,0.01,0.00,0.04,0.01,0.19,0.80,0.02,0.00,0.00,0.00,0.01,0.54,0.00,0.00,0.52,0.11,1.00,0.15
19,0.00,0.04,0.00,0.80,0.00,0.00,0.16,0.01,0.24,0.46,0.08,0.00,0.00,0.00,0.01,0.25,0.00,0.00,0.69,0.14,0.97,0.11
53,0.00,0.05,0.00,0.88,0.00,0.00,0.11,0.01,0.29,0.82,0.15,0.00,0.00,0.00,0.01,0.35,0.01,0.01,0.08,0.14,0.99,0.14
36,0.00,0.03,0.00,0.99,0.00,0.00,0.11,0.02,0.22,0.44,0.26,0.00,0.00,0.00,0.00,0.36,0.01,0.02,0.10,0.09,0.85,0.18
2,0.00,0.02,0.00,0.73,0.01,0.00,0.04,0.01,0.24,0.93,0.02,0.00,0.00,0.00,0.01,0.61,0.01,0.00,0.06,0.14,1.00,0.17
20,0.00,0.02,0.00,0.61,0.00,0.00,0.08,0.01,0.26,0.70,0.09,0.00,0.00,0.00,0.00,0.31,0.00,0.00,0.40,0.08,0.99,0.16
54,0.00,0.07,0.00,0.90,0.00,0.00,0.11,0.01,0.32,0.83,0.19,0.00,0.00,0.00,0.01,0.35,0.01,0.01,0.08,0.12,0.99,0.15
37,0.00,0.02,0.00,0.98,0.00,0.00,0.08,0.01,0.09,0.34,0.18,0.00,0.00,0.00,0.00,0.39,0.01,0.01,0.13,0.20,0.71,0.11
3,0.00,0.03,0.00,0.77,0.01,0.00,0.04,0.01,0.14,0.82,0.04,0.00,0.00,0.01,0.01,0.46,0.00,0.00,0.16,0.25,0.99,0.11
21,0.00,0.01,0.00,0.42,0.01,0.00,0.05,0.01,0.13,0.67,0.07,0.00,0.00,0.00,0.00,0.36,0.00,0.00,0.81,0.07,0.98,0.07
55,0.00,0.08,0.00,0.91,0.00,0.00,0.10,0.01,0.22,0.80,0.24,0.00,0.00,0.00,0.01,0.44,0.01,0.01,0.05,0.11,0.99,0.11
38,0.00,0.02,0.00,0.98,0.00,0.00,0.07,0.01,0.14,0.48,0.25,0.00,0.00,0.00,0.01,0.44,0.01,0.02,0.06,0.13,0.84,0.15
4,0.00,0.04,0.00,0.73,0.00,0.00,0.06,0.01,0.17,0.67,0.06,0.00,0.00,0.01,0.01,0.37,0.00,0.00,0.69,0.25,0.96,0.09
22,0.00,0.02,0.00,0.37,0.00,0.00,0.06,0.01,0.12,0.46,0.10,0.00,0.00,0.00,0.00,0.33,0.00,0.01,0.95,0.11,0.90,0.07
56,0.00,0.05,0.00,0.94,0.00,0.00,0.10,0.01,0.26,0.63,0.23,0.00,0.00,0.00,0.01,0.43,0.01,0.01,0.07,0.12,0.95,0.13
39,0.00,0.03,0.00,0.99,0.00,0.00,0.08,0.01,0.17,0.50,0.22,0.00,0.00,0.00,0.01,0.44,0.01,0.01,0.07,0.17,0.88,0.13
5,0.00,0.04,0.00,0.80,0.00,0.00,0.08,0.01,0.11,0.39,0.08,0.00,0.00,0.01,0.01,0.28,0.00,0.00,0.84,0.45,0.72,0.06
23,0.00,0.08,0.00,0.45,0.00,0.00,0.08,0.01,0.17,0.63,0.15,0.00,0.00,0.00,0.01,0.27,0.00,0.00,0.96,0.14,0.98,0.07
57,0.00,0.06,0.00,0.98,0.00,0.00,0.10,0.01,0.22,0.73,0.23,0.00,0.00,0.00,0.01,0.42,0.01,0.01,0.03,0.13,0.98,0.13
40,0.00,0.03,0.00,0.93,0.00,0.00,0.07,0.01,0.18,0.45,0.17,0.00,0.00,0.00,0.01,0.46,0.01,0.01,0.18,0.13,0.82,0.12
6,0.00,0.08,0.00,0.54,0.00,0.00,0.07,0.00,0.26,0.35,0.08,0.00,0.00,0.01,0.01,0.15,0.00,0.00,0.99,0.60,0.56,0.06
24,0.00,0.08,0.00,0.42,0.00,0.00,0.06,0.01,0.16,0.53,0.16,0.00,0.00,0.00,0.01,0.30,0.00,0.00,0.98,0.16,0.92,0.06
58,0.00,0.03,0.00,0.99,0.00,0.00,0.08,0.01,0.21,0.62,0.26,0.00,0.00,0.00,0.01,0.43,0.01,0.01,0.04,0.14,0.95,0.13
41,0.00,0.04,0.00,0.76,0.00,0.00,0.07,0.01,0.14,0.54,0.16,0.00,0.00,0.00,0.00,0.42,0.01,0.01,0.16,0.13,0.86,0.09
7,0.00,0.04,0.00,0.67,0.00,0.00,0.07,0.00,0.17,0.24,0.09,0.00,0.00,0.01,0.01,0.16,0.00,0.00,0.98,0.81,0.34,0.04
25,0.00,0.06,0.00,0.33,0.00,0.00,0.05,0.00,0.17,0.45,0.17,0.00,0.00,0.00,0.01,0.33,0.00,0.01,0.99,0.16,0.86,0.07
59,0.00,0.02,0.00,0.99,0.00,0.00,0.09,0.02,0.23,0.69,0.27,0.00,0.00,0.00,0.01,0.41,0.01,0.01,0.03,0.14,0.97,0.17
8,0.00,0.04,0.00,0.80,0.00,0.00,0.10,0.00,0.24,0.21,0.09,0.00,0.00,0.01,0.01,0.12,0.00,0.00,1.00,0.85,0.35,0.04
42,0.00,0.05,0.00,0.81,0.00,0.00,0.08,0.01,0.25,0.71,0.19,0.00,0.00,0.00,0.00,0.38,0.01,0.01,0.14,0.12,0.97,0.13
26,0.00,0.06,0.00,0.35,0.00,0.00,0.07,0.01,0.20,0.58,0.14,0.00,0.00,0.00,0.01,0.28,0.00,0.01,0.98,0.14,0.96,0.08
60,0.00,0.02,0.00,0.99,0.00,0.00,0.10,0.02,0.25,0.67,0.24,0.00,0.00,0.00,0.01,0.39,0.01,0.01,0.02,0.15,0.98,0.19
9,0.00,0.09,0.00,0.83,0.00,0.00,0.15,0.01,0.11,0.42,0.09,0.00,0.00,0.01,0.01,0.16,0.00,0.00,0.98,0.57,0.80,0.04
43,0.00,0.07,0.00,0.84,0.00,0.00,0.10,0.01,0.22,0.75,0.22,0.00,0.00,0.00,0.00,0.38,0.01,0.01,0.12,0.11,0.98,0.12
27,0.00,0.05,0.00,0.41,0.00,0.00,0.07,0.01,0.16,0.41,0.12,0.00,0.00,0.00,0.01,0.28,0.00,0.00,0.99,0.20,0.91,0.07
61,0.00,0.02,0.00,0.99,0.00,0.00,0.09,0.01,0.21,0.67,0.20,0.00,0.00,0.00,0.00,0.41,0.01,0.01,0.03,0.17,0.97,0.16
10,0.00,0.06,0.00,0.92,0.00,0.00,0.14,0.01,0.13,0.39,0.08,0.00,0.00,0.01,0.00,0.25,0.00,0.00,0.93,0.40,0.85,0.05
44,0.00,0.06,0.00,0.65,0.00,0.00,0.09,0.01,0.19,0.75,0.19,0.00,0.00,0.00,0.01,0.39,0.01,0.01,0.17,0.16,0.98,0.10
28,0.00,0.05,0.00,0.64,0.00,0.00,0.10,0.01,0.21,0.31,0.12,0.00,0.00,0.00,0.01,0.27,0.00,0.00,0.98,0.20,0.80,0.08
62,0.00,0.03,0.00,0.98,0.00,0.00,0.10,0.01,0.24,0.68,0.21,0.00,0.00,0.00,0.01,0.40,0.01,0.01,0.03,0.13,0.98,0.17
11,0.00,0.02,0.00,0.99,0.00,0.00,0.10,0.01,0.13,0.28,0.07,0.00,0.00,0.00,0.00,0.33,0.00,0.01,0.71,0.32,0.70,0.07
45,0.00,0.06,0.00,0.38,0.00,0.00,0.06,0.01,0.18,0.87,0.24,0.00,0.00,0.00,0.01,0.40,0.01,0.01,0.24,0.14,0.99,0.08
29,0.00,0.06,0.00,0.63,0.00,0.00,0.09,0.01,0.15,0.40,0.12,0.00,0.00,0.00,0.01,0.28,0.00,0.00,0.96,0.20,0.89,0.06
12,0.00,0.02,0.00,0.99,0.00,0.00,0.09,0.01,0.17,0.41,0.09,0.00,0.00,0.00,0.01,0.35,0.00,0.01,0.25,0.24,0.86,0.11
63,0.00,0.04,0.00,0.97,0.00,0.00,0.10,0.01,0.20,0.66,0.20,0.00,0.00,0.00,0.01,0.38,0.01,0.01,0.05,0.10,0.96,0.14
46,0.00,0.07,0.00,0.40,0.00,0.00,0.05,0.01,0.17,0.90,0.26,0.00,0.00,0.00,0.01,0.41,0.01,0.01,0.19,0.12,0.99,0.08
30,0.00,0.05,0.00,0.79,0.00,0.00,0.11,0.01,0.16,0.29,0.14,0.00,0.00,0.00,0.01,0.32,0.00,0.00,0.95,0.20,0.72,0.06
13,0.00,0.02,0.00,1.00,0.00,0.00,0.06,0.01,0.20,0.66,0.12,0.00,0.00,0.00,0.01,0.40,0.00,0.01,0.05,0.24,0.98,0.15
64,0.00,0.04,0.00,0.89,0.00,0.00,0.08,0.01,0.22,0.67,0.22,0.00,0.00,0.00,0.01,0.43,0.01,0.01,0.08,0.10,0.94,0.13
47,0.00,0.05,0.00,0.37,0.00,0.00,0.05,0.01,0.16,0.86,0.27,0.00,0.00,0.00,0.01,0.45,0.01,0.01,0.25,0.11,0.98,0.08
31,0.00,0.06,0.00,0.81,0.00,0.00,0.10,0.01,0.15,0.34,0.12,0.00,0.00,0.00,0.01,0.32,0.00,0.00,0.92,0.19,0.80,0.07
14,0.00,0.02,0.00,1.00,0.00,0.00,0.09,0.01,0.22,0.49,0.09,0.00,0.00,0.00,0.01,0.36,0.00,0.01,0.07,0.33,0.95,0.12
65,0.00,0.04,0.00,0.83,0.00,0.00,0.07,0.01,0.20,0.78,0.21,0.00,0.00,0.00,0.01,0.43,0.01,0.01,0.08,0.08,0.98,0.12
48,0.00,0.05,0.00,0.39,0.00,0.00,0.05,0.01,0.18,0.81,0.23,0.00,0.00,0.00,0.01,0.41,0.01,0.01,0.29,0.16,0.98,0.08
32,0.00,0.04,0.00,0.85,0.00,0.00,0.11,0.01,0.20,0.33,0.13,0.00,0.00,0.00,0.01,0.34,0.00,0.00,0.84,0.16,0.78,0.08
15,0.00,0.01,0.00,0.99,0.00,0.00,0.11,0.01,0.33,0.26,0.06,0.00,0.00,0.01,0.01,0.37,0.00,0.00,0.43,0.44,0.80,0.08
66,0.00,0.06,0.00,0.88,0.00,0.00,0.09,0.01,0.24,0.80,0.25,0.00,0.00,0.00,0.01,0.43,0.01,0.01,0.06,0.12,0.98,0.12
49,0.00,0.06,0.00,0.45,0.00,0.00,0.05,0.01,0.16,0.82,0.24,0.00,0.00,0.00,0.01,0.44,0.01,0.01,0.23,0.12,0.98,0.08
33,0.00,0.05,0.00,0.91,0.00,0.00,0.13,0.01,0.16,0.31,0.20,0.00,0.00,0.00,0.00,0.29,0.01,0.02,0.50,0.08,0.64,0.09
16,0.00,0.01,0.00,0.97,0.00,0.00,0.11,0.00,0.20,0.13,0.07,0.00,0.00,0.01,0.01,0.28,0.00,0.00,0.95,0.57,0.35,0.05
67,0.00,0.05,0.00,0.82,0.00,0.00,0.09,0.01,0.25,0.80,0.18,0.00,0.00,0.00,0.01,0.43,0.01,0.01,0.08,0.13,0.99,0.13
50,0.00,0.06,0.00,0.63,0.00,0.00,0.07,0.01,0.16,0.71,0.25,0.00,0.00,0.00,0.01,0.44,0.01,0.01,0.18,0.12,0.97,0.09
68,0.00,0.05,0.00,0.75,0.00,0.00,0.08,0.01,0.22,0.85,0.19,0.00,0.00,0.00,0.01,0.43,0.01,0.01,0.09,0.09,0.99,0.15
85,0.00,0.04,0.00,0.90,0.00,0.00,0.08,0.01,0.26,0.69,0.18,0.00,0.00,0.00,0.01,0.43,0.01,0.01,0.09,0.12,0.97,0.13
102,0.00,0.03,0.00,0.96,0.00,0.00,0.10,0.01,0.25,0.59,0.19,0.00,0.00,0.00,0.01,0.39,0.01,0.01,0.09,0.13,0.96,0.16
119,0.00,0.04,0.00,0.91,0.00,0.00,0.09,0.01,0.23,0.68,0.22,0.00,0.00,0.00,0.01,0.45,0.01,0.01,0.06,0.10,0.97,0.12
69,0.00,0.05,0.00,0.64,0.00,0.00,0.06,0.01,0.23,0.90,0.19,0.00,0.00,0.00,0.01,0.44,0.01,0.01,0.10,0.10,1.00,0.14
86,0.00,0.07,0.00,0.96,0.00,0.00,0.10,0.01,0.32,0.83,0.20,0.00,0.00,0.00,0.01,0.40,0.01,0.01,0.04,0.08,0.99,0.19
103,0.00,0.03,0.00,0.89,0.00,0.00,0.08,0.01,0.21,0.60,0.23,0.00,0.00,0.00,0.01,0.45,0.01,0.01,0.15,0.10,0.93,0.12
120,0.00,0.06,0.00,0.97,0.00,0.00,0.12,0.02,0.29,0.77,0.22,0.00,0.00,0.00,0.01,0.37,0.01,0.01,0.03,0.09,0.99,0.18
70,0.00,0.05,0.00,0.33,0.00,0.00,0.05,0.01,0.20,0.92,0.21,0.00,0.00,0.00,0.01,0.39,0.01,0.01,0.25,0.11,1.00,0.10
87,0.00,0.04,0.00,0.94,0.00,0.00,0.10,0.01,0.30,0.79,0.15,0.00,0.00,0.00,0.01,0.38,0.01,0.01,0.07,0.13,0.99,0.17
104,0.00,0.02,0.00,0.88,0.00,0.00,0.06,0.01,0.16,0.46,0.08,0.00,0.00,0.00,0.01,0.41,0.01,0.00,0.21,0.32,0.84,0.09
121,0.00,0.03,0.00,0.96,0.00,0.00,0.11,0.01,0.24,0.63,0.18,0.00,0.00,0.00,0.01,0.35,0.01,0.01,0.05,0.13,0.98,0.17
71,0.00,0.04,0.00,0.23,0.00,0.00,0.03,0.00,0.07,0.88,0.23,0.00,0.00,0.00,0.01,0.40,0.01,0.01,0.45,0.13,0.98,0.05
88,0.00,0.05,0.00,0.97,0.00,0.00,0.11,0.01,0.37,0.78,0.17,0.00,0.00,0.00,0.01,0.39,0.01,0.00,0.06,0.12,0.99,0.21
105,0.00,0.04,0.00,0.75,0.00,0.00,0.08,0.01,0.19,0.69,0.16,0.00,0.00,0.00,0.00,0.38,0.01,0.01,0.18,0.17,0.97,0.11
122,0.00,0.04,0.00,0.98,0.00,0.00,0.10,0.01,0.24,0.62,0.19,0.00,0.00,0.00,0.01,0.37,0.00,0.01,0.06,0.14,0.97,0.18
72,0.00,0.06,0.00,0.26,0.00,0.00,0.03,0.01,0.14,0.95,0.24,0.00,0.00,0.00,0.01,0.43,0.01,0.01,0.25,0.09,1.00,0.08
89,0.00,0.05,0.00,0.98,0.00,0.00,0.08,0.01,0.19,0.62,0.18,0.00,0.00,0.00,0.01,0.44,0.01,0.01,0.07,0.10,0.94,0.14
123,0.00,0.05,0.00,0.99,0.00,0.00,0.10,0.02,0.19,0.72,0.25,0.00,0.00,0.00,0.01,0.43,0.01,0.01,0.02,0.09,0.98,0.16
106,0.00,0.07,0.00,0.77,0.00,0.00,0.09,0.01,0.23,0.83,0.24,0.00,0.00,0.00,0.01,0.39,0.01,0.01,0.11,0.10,0.99,0.11
73,0.00,0.05,0.00,0.21,0.00,0.00,0.03,0.01,0.16,0.96,0.22,0.00,0.00,0.01,0.01,0.40,0.01,0.01,0.30,0.09,1.00,0.10
90,0.00,0.02,0.00,0.98,0.00,0.00,0.07,0.01,0.19,0.44,0.18,0.00,0.00,0.00,0.01,0.48,0.01,0.01,0.10,0.16,0.84,0.12
124,0.00,0.02,0.00,0.99,0.00,0.00,0.07,0.01,0.16,0.45,0.23,0.00,0.00,0.00,0.01,0.46,0.00,0.01,0.08,0.15,0.82,0.11
107,0.00,0.06,0.00,0.79,0.00,0.00,0.06,0.01,0.18,0.70,0.23,0.00,0.00,0.00,0.01,0.43,0.01,0.01,0.20,0.12,0.96,0.10
74,0.00,0.06,0.00,0.22,0.00,0.00,0.03,0.01,0.15,0.92,0.19,0.00,0.00,0.01,0.01,0.48,0.01,0.01,0.40,0.08,0.99,0.09
91,0.00,0.05,0.00,0.99,0.00,0.00,0.08,0.02,0.20,0.75,0.28,0.00,0.00,0.00,0.01,0.51,0.01,0.01,0.03,0.07,0.98,0.16
125,0.00,0.05,0.00,0.99,0.00,0.00,0.09,0.02,0.18,0.79,0.39,0.00,0.00,0.00,0.01,0.41,0.01,0.02,0.01,0.08,0.99,0.16
108,0.00,0.05,0.00,0.69,0.00,0.00,0.06,0.01,0.17,0.77,0.21,0.00,0.00,0.00,0.01,0.47,0.01,0.01,0.21,0.09,0.97,0.11
75,0.00,0.04,0.00,0.26,0.00,0.00,0.03,0.01,0.11,0.90,0.18,0.00,0.00,0.00,0.01,0.52,0.01,0.01,0.28,0.10,0.99,0.08
92,0.00,0.02,0.00,0.99,0.00,0.00,0.06,0.01,0.23,0.66,0.27,0.00,0.00,0.00,0.01,0.43,0.01,0.02,0.04,0.11,0.96,0.17
126,0.00,0.02,0.00,0.99,0.00,0.00,0.07,0.01,0.18,0.68,0.39,0.00,0.00,0.00,0.01,0.39,0.01,0.03,0.03,0.10,0.95,0.16
109,0.00,0.05,0.00,0.48,0.00,0.00,0.05,0.01,0.14,0.83,0.22,0.00,0.00,0.00,0.01,0.43,0.01,0.01,0.24,0.12,0.98,0.09
76,0.00,0.04,0.00,0.36,0.00,0.00,0.04,0.01,0.22,0.91,0.19,0.00,0.00,0.00,0.01,0.43,0.01,0.01,0.27,0.09,0.99,0.13
93,0.00,0.02,0.00,0.99,0.00,0.00,0.05,0.01,0.21,0.69,0.29,0.00,0.00,0.00,0.01,0.38,0.01,0.02,0.04,0.09,0.96,0.19
127,0.00,0.02,0.00,0.99,0.00,0.00,0.06,0.01,0.20,0.71,0.37,0.00,0.00,0.00,0.01,0.40,0.01,0.02,0.02,0.11,0.97,0.18
110,0.00,0.05,0.00,0.40,0.00,0.00,0.05,0.01,0.22,0.93,0.23,0.00,0.00,0.00,0.01,0.39,0.01,0.01,0.18,0.10,1.00,0.12
77,0.00,0.05,0.00,0.54,0.00,0.00,0.04,0.01,0.19,0.89,0.17,0.00,0.00,0.00,0.01,0.47,0.01,0.01,0.18,0.07,0.99,0.14
94,0.00,0.02,0.00,0.93,0.00,0.00,0.09,0.01,0.21,0.62,0.18,0.00,0.00,0.00,0.01,0.35,0.00,0.01,0.04,0.22,0.96,0.12
128,0.00,0.01,0.00,1.00,0.00,0.00,0.05,0.01,0.16,0.59,0.37,0.00,0.00,0.00,0.01,0.45,0.00,0.02,0.02,0.15,0.93,0.14
111,0.00,0.06,0.00,0.54,0.00,0.00,0.06,0.01,0.19,0.90,0.20,0.00,0.00,0.00,0.01,0.43,0.01,0.01,0.19,0.08,1.00,0.13
78,0.00,0.03,0.00,0.71,0.00,0.00,0.05,0.01,0.22,0.79,0.13,0.00,0.00,0.00,0.01,0.49,0.01,0.01,0.14,0.10,0.98,0.15
95,0.00,0.01,0.00,0.98,0.00,0.00,0.09,0.01,0.18,0.51,0.30,0.00,0.00,0.00,0.01,0.30,0.01,0.02,0.06,0.20,0.93,0.14
129,0.00,0.01,0.00,1.00,0.00,0.00,0.06,0.01,0.21,0.74,0.33,0.00,0.00,0.00,0.01,0.42,0.01,0.02,0.02,0.16,0.99,0.18
112,0.00,0.03,0.00,0.79,0.00,0.00,0.07,0.01,0.21,0.69,0.16,0.00,0.00,0.00,0.01,0.40,0.01,0.01,0.17,0.14,0.98,0.12
79,0.00,0.03,0.00,0.80,0.00,0.00,0.06,0.01,0.20,0.69,0.16,0.00,0.00,0.00,0.01,0.47,0.01,0.01,0.13,0.10,0.96,0.13
96,0.00,0.01,0.00,0.99,0.00,0.00,0.09,0.02,0.19,0.55,0.39,0.00,0.00,0.00,0.01,0.36,0.01,0.03,0.04,0.11,0.91,0.18
130,0.00,0.01,0.00,1.00,0.00,0.00,0.05,0.01,0.17,0.62,0.39,0.00,0.00,0.00,0.01,0.40,0.01,0.03,0.03,0.19,0.95,0.15
113,0.00,0.05,0.00,0.79,0.00,0.00,0.08,0.01,0.21,0.73,0.20,0.00,0.00,0.00,0.01,0.42,0.01,0.01,0.10,0.10,0.97,0.12
80,0.00,0.04,0.00,0.84,0.00,0.00,0.06,0.01,0.21,0.71,0.18,0.00,0.00,0.00,0.01,0.50,0.01,0.01,0.11,0.09,0.96,0.13
97,0.00,0.02,0.00,1.00,0.00,0.00,0.09,0.02,0.18,0.67,0.38,0.00,0.00,0.00,0.01,0.34,0.01,0.02,0.02,0.11,0.98,0.19
131,0.00,0.01,0.00,1.00,0.00,0.00,0.06,0.01,0.21,0.76,0.34,0.00,0.00,0.00,0.01,0.41,0.00,0.02,0.02,0.14,0.99,0.18
114,0.00,0.05,0.00,0.81,0.00,0.00,0.07,0.01,0.22,0.70,0.23,0.00,0.00,0.00,0.01,0.46,0.01,0.01,0.11,0.10,0.97,0.12
81,0.00,0.06,0.00,0.85,0.00,0.00,0.06,0.01,0.18,0.77,0.21,0.00,0.00,0.00,0.01,0.48,0.01,0.01,0.08,0.09,0.97,0.11
132,0.00,0.01,0.00,1.00,0.00,0.00,0.05,0.01,0.18,0.67,0.42,0.00,0.00,0.00,0.01,0.47,0.01,0.03,0.02,0.15,0.95,0.14
98,0.00,0.01,0.00,0.99,0.00,0.00,0.06,0.01,0.15,0.54,0.48,0.00,0.00,0.00,0.01,0.37,0.01,0.04,0.04,0.16,0.90,0.14
115,0.00,0.07,0.00,0.81,0.00,0.00,0.07,0.01,0.17,0.73,0.28,0.00,0.00,0.00,0.01,0.47,0.01,0.01,0.09,0.08,0.96,0.10
82,0.00,0.03,0.00,0.91,0.00,0.00,0.07,0.01,0.22,0.65,0.18,0.00,0.00,0.00,0.01,0.45,0.01,0.01,0.10,0.12,0.95,0.13
133,0.00,0.01,0.00,1.00,0.00,0.00,0.05,0.01,0.16,0.70,0.38,0.00,0.00,0.00,0.01,0.47,0.00,0.02,0.02,0.14,0.98,0.13
99,0.00,0.01,0.00,1.00,0.00,0.00,0.06,0.01,0.12,0.63,0.51,0.00,0.00,0.00,0.01,0.39,0.00,0.03,0.03,0.12,0.95,0.13
116,0.00,0.05,0.00,0.84,0.00,0.00,0.07,0.01,0.20,0.69,0.21,0.00,0.00,0.00,0.01,0.45,0.01,0.01,0.13,0.12,0.97,0.11
83,0.00,0.03,0.00,0.90,0.00,0.00,0.06,0.01,0.22,0.71,0.16,0.00,0.00,0.00,0.01,0.47,0.01,0.01,0.09,0.11,0.98,0.13
134,0.00,0.01,0.00,1.00,0.00,0.00,0.06,0.01,0.21,0.59,0.37,0.00,0.00,0.00,0.01,0.45,0.01,0.02,0.03,0.17,0.93,0.14
100,0.00,0.01,0.00,0.99,0.00,0.00,0.07,0.02,0.17,0.56,0.58,0.00,0.00,0.00,0.01,0.37,0.01,0.05,0.04,0.09,0.85,0.17
117,0.00,0.06,0.00,0.87,0.00,0.00,0.08,0.01,0.21,0.75,0.24,0.00,0.00,0.00,0.01,0.46,0.01,0.01,0.09,0.10,0.98,0.11
84,0.00,0.03,0.00,0.91,0.00,0.00,0.07,0.01,0.27,0.66,0.19,0.00,0.00,0.00,0.01,0.44,0.01,0.01,0.09,0.14,0.97,0.14
135,0.00,0.03,0.00,0.99,0.00,0.00,0.10,0.01,0.25,0.67,0.22,0.00,0.00,0.00,0.01,0.35,0.01,0.01,0.03,0.15,0.98,0.17
101,0.00,0.03,0.00,0.98,0.00,0.00,0.10,0.02,0.22,0.71,0.31,0.00,0.00,0.00,0.01,0.38,0.01,0.02,0.04,0.08,0.98,0.18
118,0.00,0.03,0.00,0.89,0.00,0.00,0.09,0.01,0.26,0.61,0.22,0.00,0.00,0.00,0.01,0.44,0.01,0.01,0.08,0.13,0.94,0.12
136,0.00,0.03,0.00,0.93,0.00,0.00,0.10,0.01,0.24,0.61,0.20,0.00,0.00,0.00,0.01,0.42,0.01,0.01,0.08,0.12,0.95,0.13
153,0.00,0.01,0.00,1.00,0.00,0.00,0.06,0.01,0.16,0.63,0.45,0.00,0.00,0.00,0.01,0.47,0.01,0.02,0.03,0.16,0.95,0.13
170,0.00,0.02,0.00,0.29,0.00,0.00,0.03,0.01,0.22,0.87,0.18,0.00,0.00,0.00,0.01,0.48,0.01,0.01,0.31,0.09,0.99,0.11
187,0.00,0.04,0.00,0.94,0.00,0.00,0.05,0.01,0.18,0.70,0.20,0.00,0.00,0.00,0.01,0.50,0.01,0.01,0.08,0.09,0.93,0.12
137,0.00,0.03,0.00,0.90,0.00,0.00,0.09,0.01,0.22,0.63,0.18,0.00,0.00,0.00,0.01,0.42,0.01,0.01,0.09,0.14,0.95,0.12
154,0.00,0.01,0.00,1.00,0.00,0.00,0.05,0.01,0.15,0.61,0.52,0.00,0.00,0.00,0.01,0.44,0.01,0.04,0.03,0.15,0.93,0.14
171,0.00,0.04,0.00,0.34,0.00,0.00,0.03,0.01,0.18,0.94,0.22,0.00,0.00,0.00,0.01,0.51,0.01,0.01,0.22,0.07,1.00,0.11
188,0.00,0.03,0.00,0.92,0.00,0.00,0.06,0.01,0.22,0.57,0.15,0.00,0.00,0.00,0.01,0.46,0.01,0.01,0.14,0.12,0.91,0.14
138,0.00,0.01,0.00,0.29,0.01,0.00,0.04,0.00,0.02,0.60,0.00,0.00,0.00,0.02,0.05,0.63,0.01,0.00,0.00,0.45,0.80,0.05
155,0.00,0.01,0.00,1.00,0.00,0.00,0.05,0.01,0.14,0.68,0.49,0.00,0.00,0.00,0.01,0.47,0.01,0.03,0.02,0.11,0.95,0.14
172,0.00,0.03,0.00,0.26,0.00,0.00,0.03,0.01,0.21,0.96,0.17,0.00,0.00,0.00,0.01,0.45,0.01,0.01,0.21,0.09,1.00,0.12
189,0.00,0.03,0.00,0.92,0.00,0.00,0.08,0.01,0.16,0.43,0.19,0.00,0.00,0.00,0.01,0.40,0.01,0.01,0.16,0.14,0.80,0.11
139,0.00,0.09,0.00,0.16,0.00,0.00,0.01,0.01,0.00,0.11,0.02,0.00,0.00,0.01,0.02,0.20,0.01,0.00,0.66,0.99,0.13,0.02
156,0.00,0.01,0.00,1.00,0.00,0.00,0.05,0.01,0.17,0.58,0.47,0.00,0.00,0.00,0.01,0.46,0.01,0.03,0.03,0.15,0.92,0.16
173,0.00,0.04,0.00,0.27,0.00,0.00,0.03,0.01,0.20,0.97,0.23,0.00,0.00,0.00,0.01,0.51,0.01,0.01,0.16,0.06,1.00,0.11
190,0.00,0.03,0.00,0.92,0.00,0.00,0.07,0.01,0.15,0.40,0.22,0.00,0.00,0.00,0.01,0.42,0.01,0.01,0.16,0.11,0.72,0.09
140,0.00,0.20,0.00,0.15,0.00,0.00,0.01,0.00,0.00,0.41,0.02,0.00,0.00,0.01,0.00,0.16,0.01,0.00,1.00,0.54,0.72,0.01
157,0.00,0.01,0.00,1.00,0.00,0.00,0.05,0.01,0.11,0.60,0.33,0.00,0.00,0.00,0.01,0.45,0.01,0.02,0.04,0.23,0.95,0.12
174,0.00,0.03,0.00,0.25,0.00,0.00,0.03,0.01,0.24,0.97,0.20,0.00,0.00,0.00,0.01,0.50,0.01,0.01,0.15,0.07,1.00,0.12
191,0.00,0.02,0.00,0.91,0.00,0.00,0.09,0.01,0.23,0.45,0.20,0.00,0.00,0.00,0.01,0.39,0.01,0.01,0.10,0.11,0.86,0.14
141,0.00,0.05,0.00,0.90,0.00,0.00,0.07,0.01,0.22,0.78,0.18,0.00,0.00,0.00,0.01,0.48,0.01,0.01,0.09,0.08,0.98,0.15
158,0.00,0.01,0.00,1.00,0.00,0.00,0.05,0.01,0.12,0.38,0.48,0.00,0.00,0.00,0.01,0.46,0.01,0.02,0.05,0.18,0.74,0.13
175,0.00,0.05,0.00,0.24,0.00,0.00,0.03,0.01,0.15,0.98,0.22,0.00,0.00,0.00,0.01,0.49,0.01,0.01,0.24,0.05,1.00,0.10
192,0.00,0.01,0.00,0.94,0.00,0.00,0.08,0.01,0.26,0.41,0.19,0.00,0.00,0.00,0.01,0.42,0.01,0.01,0.11,0.13,0.85,0.14
142,0.00,0.01,0.00,0.98,0.00,0.00,0.07,0.01,0.20,0.71,0.08,0.00,0.00,0.00,0.01,0.60,0.01,0.01,0.04,0.10,0.98,0.18
159,0.00,0.01,0.00,1.00,0.00,0.00,0.07,0.01,0.23,0.59,0.40,0.00,0.00,0.00,0.01,0.39,0.01,0.03,0.03,0.15,0.96,0.20
176,0.00,0.04,0.00,0.32,0.00,0.00,0.03,0.01,0.21,0.94,0.24,0.00,0.00,0.01,0.01,0.57,0.01,0.01,0.14,0.06,1.00,0.12
193,0.00,0.02,0.00,0.95,0.00,0.00,0.09,0.01,0.25,0.63,0.22,0.00,0.00,0.00,0.01,0.37,0.01,0.01,0.08,0.09,0.95,0.17
143,0.00,0.02,0.00,0.98,0.00,0.00,0.07,0.01,0.20,0.72,0.08,0.00,0.00,0.00,0.01,0.61,0.01,0.01,0.04,0.08,0.98,0.16
160,0.00,0.02,0.00,0.98,0.00,0.00,0.08,0.01,0.21,0.42,0.20,0.00,0.00,0.00,0.01,0.39,0.01,0.01,0.10,0.13,0.85,0.15
177,0.00,0.04,0.00,0.28,0.00,0.00,0.03,0.01,0.21,0.96,0.19,0.00,0.00,0.01,0.01,0.53,0.01,0.01,0.16,0.06,1.00,0.12
194,0.00,0.03,0.00,0.97,0.00,0.00,0.07,0.01,0.20,0.54,0.23,0.00,0.00,0.00,0.01,0.47,0.01,0.01,0.08,0.09,0.88,0.14
144,0.00,0.03,0.00,0.98,0.00,0.00,0.07,0.01,0.17,0.77,0.07,0.00,0.00,0.00,0.01,0.56,0.01,0.01,0.02,0.10,0.99,0.12
161,0.00,0.02,0.00,0.95,0.00,0.00,0.08,0.01,0.25,0.54,0.25,0.00,0.00,0.00,0.01,0.40,0.01,0.01,0.09,0.09,0.92,0.15
178,0.00,0.04,0.00,0.30,0.00,0.00,0.03,0.01,0.19,0.96,0.23,0.00,0.00,0.00,0.01,0.52,0.01,0.01,0.17,0.06,1.00,0.11
195,0.00,0.02,0.00,0.99,0.00,0.00,0.08,0.01,0.25,0.38,0.23,0.00,0.00,0.00,0.01,0.43,0.01,0.01,0.08,0.12,0.80,0.18
145,0.00,0.02,0.00,0.97,0.00,0.00,0.06,0.01,0.19,0.70,0.10,0.00,0.00,0.00,0.01,0.60,0.01,0.01,0.04,0.08,0.96,0.15
162,0.00,0.02,0.00,0.91,0.00,0.00,0.05,0.01,0.18,0.43,0.19,0.00,0.00,0.00,0.01,0.46,0.01,0.01,0.14,0.13,0.76,0.11
179,0.00,0.03,0.00,0.34,0.00,0.00,0.03,0.01,0.21,0.95,0.21,0.00,0.00,0.01,0.01,0.52,0.01,0.01,0.18,0.08,1.00,0.12
196,0.00,0.02,0.00,0.99,0.00,0.00,0.07,0.01,0.29,0.56,0.28,0.00,0.00,0.00,0.01,0.41,0.01,0.02,0.04,0.07,0.95,0.24
146,0.00,0.02,0.00,0.97,0.00,0.00,0.07,0.01,0.18,0.57,0.12,0.00,0.00,0.00,0.01,0.54,0.01,0.01,0.04,0.11,0.92,0.14
163,0.00,0.04,0.00,0.88,0.00,0.00,0.07,0.01,0.18,0.50,0.25,0.00,0.00,0.00,0.01,0.45,0.01,0.01,0.09,0.11,0.84,0.11
180,0.00,0.04,0.00,0.31,0.00,0.00,0.03,0.01,0.20,0.95,0.20,0.00,0.00,0.01,0.01,0.53,0.01,0.01,0.23,0.07,1.00,0.11
197,0.00,0.03,0.00,0.99,0.00,0.00,0.07,0.02,0.18,0.56,0.30,0.00,0.00,0.00,0.01,0.47,0.01,0.02,0.06,0.08,0.90,0.15
147,0.00,0.03,0.00,0.98,0.00,0.00,0.07,0.01,0.18,0.38,0.19,0.00,0.00,0.00,0.01,0.47,0.00,0.01,0.12,0.18,0.68,0.10
164,0.00,0.03,0.00,0.88,0.00,0.00,0.09,0.01,0.33,0.67,0.24,0.00,0.00,0.00,0.01,0.38,0.01,0.01,0.09,0.08,0.98,0.18
181,0.00,0.05,0.00,0.62,0.00,0.00,0.03,0.01,0.19,0.88,0.19,0.00,0.00,0.00,0.01,0.51,0.01,0.01,0.14,0.08,0.99,0.14
198,0.00,0.01,0.00,0.99,0.00,0.00,0.05,0.01,0.21,0.48,0.35,0.00,0.00,0.00,0.01,0.49,0.01,0.02,0.05,0.12,0.84,0.17
148,0.00,0.03,0.00,0.98,0.00,0.00,0.07,0.01,0.15,0.42,0.24,0.00,0.00,0.00,0.01,0.51,0.01,0.01,0.10,0.14,0.73,0.10
165,0.00,0.03,0.00,0.84,0.00,0.00,0.06,0.01,0.25,0.77,0.20,0.00,0.00,0.00,0.01,0.41,0.01,0.01,0.12,0.08,0.98,0.12
182,0.00,0.04,0.00,0.83,0.00,0.00,0.04,0.01,0.18,0.74,0.16,0.00,0.00,0.00,0.01,0.50,0.01,0.01,0.15,0.09,0.97,0.12
199,0.00,0.01,0.00,0.99,0.00,0.00,0.04,0.01,0.13,0.39,0.34,0.00,0.00,0.00,0.01,0.52,0.01,0.02,0.08,0.15,0.70,0.13
149,0.00,0.03,0.00,0.99,0.00,0.00,0.07,0.01,0.18,0.47,0.21,0.00,0.00,0.00,0.01,0.51,0.01,0.01,0.06,0.16,0.84,0.12
183,0.00,0.04,0.00,0.90,0.00,0.00,0.05,0.01,0.21,0.65,0.25,0.00,0.00,0.00,0.01,0.53,0.01,0.01,0.09,0.08,0.94,0.13
166,0.00,0.04,0.00,0.77,0.00,0.00,0.06,0.01,0.22,0.74,0.24,0.00,0.00,0.00,0.01,0.45,0.01,0.01,0.14,0.09,0.97,0.11
200,0.00,0.01,0.00,1.00,0.00,0.00,0.06,0.01,0.10,0.24,0.36,0.00,0.00,0.00,0.01,0.49,0.01,0.01,0.07,0.23,0.53,0.11
150,0.00,0.02,0.00,0.99,0.00,0.00,0.07,0.01,0.19,0.50,0.29,0.00,0.00,0.00,0.01,0.48,0.01,0.01,0.05,0.14,0.88,0.14
167,0.00,0.04,0.00,0.66,0.00,0.00,0.04,0.01,0.23,0.88,0.17,0.00,0.00,0.00,0.01,0.47,0.01,0.01,0.18,0.08,0.99,0.13
184,0.00,0.07,0.00,0.88,0.00,0.00,0.05,0.01,0.21,0.84,0.25,0.00,0.00,0.00,0.01,0.46,0.01,0.01,0.08,0.06,0.99,0.14
201,0.00,0.01,0.00,1.00,0.00,0.00,0.05,0.01,0.16,0.30,0.48,0.00,0.00,0.00,0.01,0.43,0.01,0.03,0.06,0.21,0.73,0.18
151,0.00,0.02,0.00,1.00,0.00,0.00,0.06,0.01,0.20,0.64,0.34,0.00,0.00,0.00,0.01,0.49,0.01,0.01,0.03,0.13,0.96,0.15
168,0.00,0.04,0.00,0.46,0.00,0.00,0.04,0.01,0.21,0.85,0.20,0.00,0.00,0.00,0.01,0.48,0.01,0.01,0.26,0.09,0.99,0.12
185,0.00,0.06,0.00,0.89,0.00,0.00,0.05,0.01,0.22,0.73,0.24,0.00,0.00,0.00,0.01,0.49,0.01,0.01,0.08,0.08,0.96,0.13
202,0.00,0.01,0.00,1.00,0.00,0.00,0.05,0.01,0.14,0.54,0.50,0.00,0.00,0.00,0.01,0.41,0.01,0.04,0.04,0.15,0.91,0.18
152,0.00,0.01,0.00,1.00,0.00,0.00,0.05,0.01,0.17,0.59,0.39,0.00,0.00,0.00,0.01,0.49,0.00,0.02,0.03,0.20,0.94,0.13
169,0.00,0.03,0.00,0.38,0.00,0.00,0.04,0.01,0.18,0.78,0.19,0.00,0.00,0.00,0.01,0.49,0.01,0.01,0.33,0.11,0.97,0.10
186,0.00,0.04,0.00,0.93,0.00,0.00,0.07,0.01,0.27,0.80,0.17,0.00,0.00,0.00,0.01,0.42,0.01,0.01,0.06,0.07,0.99,0.19
203,0.00,0.01,0.00,1.00,0.00,0.00,0.06,0.01,0.17,0.21,0.43,0.00,0.00,0.00,0.01,0.46,0.00,0.02,0.13,0.19,0.43,0.12
204,0.00,0.01,0.00,1.00,0.00,0.00,0.09,0.01,0.25,0.19,0.12,0.00,0.00,0.01,0.01,0.44,0.00,0.01,0.38,0.37,0.62,0.07
221,0.00,0.07,0.00,0.80,0.00,0.00,0.05,0.00,0.25,0.18,0.20,0.00,0.00,0.01,0.02,0.25,0.00,0.00,0.96,0.40,0.25,0.06
238,0.00,0.09,0.00,0.87,0.00,0.00,0.07,0.00,0.15,0.22,0.22,0.00,0.00,0.01,0.02,0.21,0.00,0.01,0.96,0.48,0.27,0.04
255,0.00,0.02,0.00,1.00,0.00,0.00,0.06,0.01,0.16,0.16,0.10,0.00,0.00,0.01,0.02,0.37,0.00,0.00,0.84,0.52,0.36,0.04
205,0.00,0.01,0.00,1.00,0.00,0.00,0.07,0.00,0.18,0.14,0.08,0.00,0.00,0.01,0.02,0.35,0.00,0.00,0.80,0.63,0.39,0.03
222,0.00,0.06,0.00,0.72,0.00,0.00,0.06,0.00,0.30,0.24,0.17,0.00,0.00,0.01,0.01,0.24,0.00,0.01,0.96,0.36,0.40,0.08
239,0.00,0.09,0.00,0.88,0.00,0.00,0.07,0.00,0.16,0.20,0.24,0.00,0.00,0.01,0.02,0.23,0.00,0.01,0.96,0.45,0.25,0.05
256,0.00,0.01,0.00,1.00,0.00,0.00,0.07,0.00,0.16,0.16,0.08,0.00,0.00,0.01,0.02,0.35,0.00,0.00,0.91,0.56,0.43,0.04
206,0.00,0.01,0.00,1.00,0.00,0.00,0.07,0.00,0.17,0.16,0.09,0.00,0.00,0.01,0.02,0.38,0.00,0.00,0.66,0.53,0.44,0.04
223,0.00,0.10,0.00,0.56,0.00,0.00,0.06,0.00,0.20,0.34,0.17,0.00,0.00,0.01,0.01,0.20,0.00,0.01,0.95,0.35,0.49,0.06
240,0.00,0.11,0.00,0.82,0.00,0.00,0.08,0.00,0.14,0.23,0.27,0.00,0.00,0.01,0.02,0.21,0.00,0.01,0.94,0.42,0.25,0.04
257,0.00,0.01,0.00,1.00,0.00,0.00,0.06,0.00,0.15,0.14,0.08,0.00,0.00,0.01,0.02,0.34,0.00,0.00,0.89,0.63,0.34,0.04
207,0.00,0.01,0.00,0.99,0.00,0.00,0.08,0.00,0.21,0.17,0.09,0.00,0.00,0.01,0.02,0.31,0.00,0.00,0.75,0.61,0.44,0.04
224,0.00,0.06,0.00,0.27,0.00,0.00,0.03,0.00,0.17,0.17,0.13,0.00,0.00,0.02,0.02,0.22,0.00,0.00,1.00,0.41,0.21,0.05
241,0.00,0.10,0.00,0.82,0.00,0.00,0.05,0.00,0.11,0.20,0.22,0.00,0.00,0.01,0.02,0.23,0.00,0.01,0.98,0.47,0.20,0.03
258,0.00,0.02,0.00,1.00,0.00,0.00,0.05,0.01,0.11,0.20,0.10,0.00,0.00,0.01,0.02,0.39,0.00,0.00,0.86,0.54,0.46,0.04
208,0.00,0.02,0.00,0.99,0.00,0.00,0.09,0.00,0.22,0.17,0.09,0.00,0.00,0.01,0.02,0.30,0.00,0.00,0.77,0.62,0.46,0.04
225,0.00,0.05,0.00,0.18,0.00,0.00,0.03,0.00,0.11,0.22,0.12,0.00,0.00,0.02,0.02,0.17,0.00,0.01,1.00,0.47,0.31,0.03
242,0.00,0.09,0.00,0.87,0.00,0.00,0.07,0.00,0.22,0.15,0.22,0.00,0.00,0.01,0.02,0.21,0.00,0.00,0.97,0.56,0.17,0.05
259,0.00,0.03,0.00,1.00,0.00,0.00,0.07,0.01,0.16,0.20,0.12,0.00,0.00,0.01,0.02,0.33,0.00,0.00,0.81,0.60,0.43,0.04
209,0.00,0.02,0.00,0.99,0.00,0.00,0.08,0.00,0.21,0.23,0.12,0.00,0.00,0.01,0.02,0.33,0.00,0.00,0.70,0.59,0.48,0.04
226,0.00,0.06,0.00,0.22,0.00,0.00,0.04,0.00,0.16,0.23,0.11,0.00,0.00,0.02,0.02,0.16,0.00,0.01,1.00,0.47,0.34,0.04
243,0.00,0.08,0.00,0.94,0.00,0.00,0.07,0.00,0.24,0.20,0.20,0.00,0.00,0.01,0.02,0.22,0.00,0.00,0.95,0.59,0.27,0.05
260,0.00,0.04,0.00,0.98,0.00,0.00,0.05,0.00,0.15,0.25,0.15,0.00,0.00,0.01,0.03,0.27,0.00,0.00,0.94,0.59,0.46,0.04
210,0.00,0.04,0.00,0.99,0.00,0.00,0.12,0.00,0.23,0.28,0.16,0.00,0.00,0.01,0.02,0.31,0.00,0.00,0.34,0.67,0.68,0.04
227,0.00,0.11,0.00,0.31,0.00,0.00,0.06,0.00,0.20,0.37,0.14,0.00,0.00,0.02,0.01,0.18,0.00,0.01,0.98,0.32,0.57,0.06
244,0.00,0.07,0.00,0.94,0.00,0.00,0.05,0.00,0.21,0.14,0.25,0.00,0.00,0.02,0.03,0.25,0.00,0.00,0.96,0.56,0.18,0.05
211,0.00,0.02,0.00,0.99,0.00,0.00,0.07,0.00,0.21,0.19,0.13,0.00,0.00,0.01,0.02,0.32,0.00,0.00,0.74,0.63,0.41,0.04
228,0.00,0.07,0.00,0.21,0.00,0.00,0.04,0.00,0.13,0.30,0.11,0.00,0.00,0.02,0.01,0.20,0.00,0.01,1.00,0.33,0.38,0.04
245,0.00,0.08,0.00,0.96,0.00,0.00,0.06,0.00,0.24,0.22,0.19,0.00,0.00,0.01,0.02,0.24,0.00,0.00,0.96,0.54,0.33,0.06
212,0.00,0.02,0.00,0.98,0.00,0.00,0.07,0.00,0.24,0.15,0.12,0.00,0.00,0.01,0.02,0.29,0.00,0.00,0.88,0.68,0.31,0.04
229,0.00,0.06,0.00,0.20,0.00,0.00,0.03,0.00,0.14,0.24,0.11,0.00,0.00,0.02,0.02,0.18,0.00,0.01,1.00,0.44,0.27,0.04
246,0.00,0.04,0.00,0.95,0.00,0.00,0.05,0.00,0.22,0.24,0.15,0.00,0.00,0.01,0.03,0.22,0.00,0.00,0.98,0.69,0.41,0.04
213,0.00,0.02,0.00,0.95,0.00,0.00,0.07,0.00,0.25,0.15,0.11,0.00,0.00,0.01,0.02,0.23,0.00,0.00,0.96,0.75,0.27,0.04
230,0.00,0.13,0.00,0.46,0.00,0.00,0.06,0.01,0.23,0.32,0.19,0.00,0.00,0.01,0.01,0.21,0.00,0.01,0.97,0.30,0.50,0.08
247,0.00,0.03,0.00,0.96,0.00,0.00,0.06,0.00,0.23,0.19,0.13,0.00,0.00,0.01,0.03,0.21,0.00,0.00,0.98,0.70,0.33,0.05
214,0.00,0.03,0.00,0.95,0.00,0.00,0.06,0.00,0.23,0.18,0.16,0.00,0.00,0.01,0.02,0.27,0.00,0.00,0.92,0.65,0.26,0.04
231,0.00,0.07,0.00,0.49,0.00,0.00,0.03,0.00,0.16,0.22,0.15,0.00,0.00,0.02,0.02,0.25,0.00,0.01,0.99,0.46,0.26,0.05
248,0.00,0.02,0.00,0.97,0.00,0.00,0.04,0.00,0.20,0.18,0.10,0.00,0.00,0.01,0.02,0.27,0.00,0.00,0.97,0.65,0.33,0.05
215,0.00,0.04,0.00,0.92,0.00,0.00,0.06,0.00,0.23,0.15,0.18,0.00,0.00,0.01,0.02,0.23,0.00,0.00,0.96,0.73,0.22,0.04
232,0.00,0.06,0.00,0.61,0.00,0.00,0.04,0.00,0.21,0.23,0.16,0.00,0.00,0.01,0.02,0.23,0.00,0.00,0.99,0.48,0.34,0.06
249,0.00,0.02,0.00,0.98,0.00,0.00,0.05,0.00,0.21,0.16,0.11,0.00,0.00,0.01,0.02,0.26,0.00,0.00,0.97,0.65,0.28,0.04
216,0.00,0.08,0.00,0.90,0.00,0.00,0.09,0.00,0.18,0.26,0.25,0.00,0.00,0.01,0.02,0.22,0.00,0.01,0.86,0.55,0.36,0.04
233,0.00,0.05,0.00,0.68,0.00,0.00,0.03,0.00,0.12,0.18,0.17,0.00,0.00,0.01,0.02,0.27,0.00,0.00,0.99,0.48,0.21,0.04
250,0.00,0.03,0.00,0.99,0.00,0.00,0.06,0.00,0.15,0.20,0.12,0.00,0.00,0.01,0.02,0.26,0.00,0.00,0.94,0.61,0.37,0.04
217,0.00,0.12,0.00,0.89,0.00,0.00,0.09,0.00,0.21,0.18,0.31,0.00,0.00,0.01,0.01,0.23,0.00,0.01,0.90,0.49,0.17,0.04
234,0.00,0.03,0.00,0.65,0.00,0.00,0.03,0.00,0.11,0.19,0.17,0.00,0.00,0.02,0.02,0.23,0.00,0.00,0.99,0.69,0.25,0.04
251,0.00,0.02,0.00,0.99,0.00,0.00,0.05,0.00,0.15,0.16,0.11,0.00,0.00,0.01,0.02,0.33,0.00,0.00,0.92,0.60,0.30,0.04
218,0.00,0.15,0.00,0.95,0.00,0.00,0.10,0.01,0.21,0.29,0.33,0.00,0.00,0.01,0.02,0.27,0.00,0.01,0.62,0.39,0.40,0.05
235,0.00,0.05,0.00,0.79,0.00,0.00,0.04,0.00,0.10,0.11,0.23,0.00,0.00,0.01,0.03,0.21,0.00,0.00,1.00,0.57,0.11,0.03
252,0.00,0.04,0.00,1.00,0.00,0.00,0.05,0.01,0.13,0.23,0.15,0.00,0.00,0.01,0.03,0.39,0.00,0.00,0.71,0.47,0.43,0.04
219,0.00,0.11,0.00,0.92,0.00,0.00,0.08,0.00,0.20,0.18,0.28,0.00,0.00,0.01,0.01,0.23,0.00,0.01,0.93,0.49,0.20,0.04
236,0.00,0.10,0.00,0.90,0.00,0.00,0.08,0.00,0.17,0.18,0.28,0.00,0.00,0.01,0.02,0.22,0.00,0.01,0.94,0.43,0.19,0.05
253,0.00,0.02,0.00,1.00,0.00,0.00,0.05,0.00,0.18,0.20,0.10,0.00,0.00,0.01,0.02,0.34,0.00,0.00,0.91,0.58,0.40,0.04
220,0.00,0.08,0.00,0.85,0.00,0.00,0.07,0.00,0.26,0.20,0.25,0.00,0.00,0.01,0.01,0.23,0.00,0.01,0.91,0.38,0.27,0.06
237,0.00,0.08,0.00,0.85,0.00,0.00,0.07,0.00,0.19,0.11,0.26,0.00,0.00,0.01,0.02,0.21,0.00,0.01,0.97,0.50,0.12,0.04
254,0.00,0.02,0.00,1.00,0.00,0.00,0.05,0.01,0.17,0.17,0.10,0.00,0.00,0.01,0.02,0.33,0.00,0.00,0.88,0.63,0.38,0.04
