Time/ms	Current/mA	Voltage/V
1384136583021	-262.0	3.992
1384136583129	-262.0	3.992
1384136583236	-262.0	3.992
1384136583359	-262.0	3.992
1384136583465	-262.0	3.992
1384136583570	-262.0	3.992
1384136583676	-262.0	3.992
1384136583787	-262.0	3.992
1384136583900	-323.0	3.946
1384136584011	-323.0	3.946
1384136584122	-323.0	3.946
1384136584252	-323.0	3.946
1384136584365	-323.0	3.946
1384136584473	-323.0	3.946
1384136584581	-323.0	3.946
1384136584694	-323.0	3.946
1384136584803	-323.0	3.946
1384136584937	-249.0	3.962
1384136585048	-249.0	3.962
1384136585220	-249.0	3.962
1384136585330	-249.0	3.962
1384136585438	-249.0	3.962
1384136585547	-249.0	3.962
1384136585655	-249.0	3.962
1384136585764	-249.0	3.962
1384136585889	-249.0	3.962
1384136585997	-239.0	3.988
1384136586106	-239.0	3.988
1384136586212	-239.0	3.988
1384136586319	-239.0	3.988
1384136586432	-239.0	3.988
1384136586558	-239.0	3.988
1384136586671	-239.0	3.988
1384136586777	-239.0	3.988
1384136586884	-239.0	3.988
1384136587000	-319.0	3.964
1384136587109	-319.0	3.964
1384136587215	-319.0	3.964
1384136587322	-319.0	3.964
1384136587441	-319.0	3.964
1384136587548	-319.0	3.964
1384136587656	-319.0	3.964
1384136587764	-319.0	3.964
1384136587872	-319.0	3.964
1384136587980	-327.0	3.953
1384136588115	-327.0	3.953
1384136588230	-327.0	3.953
1384136588338	-327.0	3.953
1384136588448	-327.0	3.953
1384136588557	-327.0	3.953
1384136588666	-327.0	3.953
1384136588775	-327.0	3.953
1384136588883	-327.0	3.953
1384136588995	-274.0	3.96
1384136589104	-274.0	3.96
1384136589234	-274.0	3.96
1384136589343	-274.0	3.96
1384136589452	-274.0	3.96
1384136589566	-274.0	3.96
1384136589677	-274.0	3.96
1384136589786	-274.0	3.96
1384136589921	-274.0	4.001
1384136590029	-226.0	4.001
1384136590138	-226.0	4.001
1384136590295	-226.0	4.001
1384136590403	-226.0	4.001
1384136590511	-226.0	4.001
1384136590621	-226.0	4.001
1384136590748	-226.0	4.001
1384136590857	-226.0	4.001
1384136590967	-212.0	3.986
1384136591078	-212.0	3.986
1384136591187	-212.0	3.986
1384136591297	-212.0	3.986
1384136591404	-212.0	3.986
1384136591530	-212.0	3.986
1384136591639	-212.0	3.986
1384136591746	-212.0	3.986
1384136591855	-212.0	3.986
1384136591966	-211.0	3.994
1384136592074	-211.0	3.994
1384136592202	-211.0	3.994
1384136592312	-211.0	3.994
1384136592420	-211.0	3.994
1384136592529	-211.0	3.994
1384136592637	-211.0	3.994
1384136592745	-211.0	3.994
1384136592854	-211.0	3.994
1384136592978	-222.0	3.987
1384136593087	-222.0	3.987
1384136593195	-222.0	3.987
1384136593304	-222.0	3.987
1384136593412	-222.0	3.987
1384136593520	-222.0	3.987
1384136593627	-222.0	3.987
1384136593753	-222.0	3.987
1384136593862	-222.0	3.987
1384136593970	-210.0	3.984
1384136594078	-210.0	3.984
1384136594187	-210.0	3.984
1384136594295	-210.0	3.984
1384136594419	-210.0	3.984
1384136594527	-210.0	3.984
1384136594636	-210.0	3.984
1384136594743	-210.0	3.984
1384136594851	-210.0	3.984
1384136594959	-235.0	3.988
1384136595067	-235.0	3.988
1384136595193	-235.0	3.988
1384136595353	-235.0	3.988
1384136595461	-235.0	3.988
1384136595569	-235.0	3.988
1384136595678	-235.0	3.988
1384136595785	-235.0	3.988
1384136595912	-235.0	3.988
1384136596020	-228.0	3.987
1384136596128	-228.0	3.987
1384136596237	-228.0	3.987
1384136596344	-228.0	3.987
1384136596453	-228.0	3.987
1384136596562	-228.0	3.987
1384136596693	-228.0	3.987
1384136596801	-228.0	3.987
1384136596909	-228.0	3.987
1384136597018	-209.0	3.984
1384136597126	-209.0	3.984
1384136597234	-209.0	3.984
1384136597342	-209.0	3.984
1384136597469	-209.0	3.984
1384136597579	-209.0	3.984
1384136597687	-209.0	3.984
1384136597795	-209.0	3.984
1384136597902	-209.0	3.984
1384136598011	-208.0	3.989
1384136598119	-208.0	3.989
1384136598249	-208.0	3.989
1384136598358	-208.0	3.989
1384136598466	-208.0	3.989
1384136598574	-208.0	3.989
1384136598682	-208.0	3.989
1384136598792	-208.0	3.989
1384136598900	-208.0	3.989
1384136599022	-218.0	3.991
1384136599130	-218.0	3.991
1384136599239	-218.0	3.991
1384136599347	-218.0	3.991
1384136599457	-218.0	3.991
1384136599565	-218.0	3.991
1384136599674	-218.0	3.991
1384136599781	-218.0	3.991
1384136599905	-218.0	3.991
1384136600013	-227.0	3.943
1384136600121	-227.0	3.943
1384136600230	-227.0	3.943
1384136600338	-227.0	3.943
1384136600490	-227.0	3.943
1384136600601	-227.0	3.943
1384136600714	-227.0	3.943
1384136600823	-227.0	3.943
1384136600932	-207.0	3.98
1384136601043	-207.0	3.98
1384136601151	-207.0	3.98
1384136601259	-207.0	3.98
1384136601384	-207.0	3.98
1384136601493	-207.0	3.98
1384136601603	-207.0	3.98
1384136601711	-207.0	3.98
1384136601820	-207.0	3.98
1384136601928	-207.0	3.976
1384136602037	-227.0	3.976
1384136602165	-227.0	3.976
1384136602273	-227.0	3.976
1384136602383	-227.0	3.976
1384136602492	-227.0	3.976
1384136602601	-227.0	3.976
1384136602708	-227.0	3.976
1384136602816	-227.0	3.976
1384136602940	-227.0	3.983
1384136603049	-208.0	3.983
1384136603159	-208.0	3.983
1384136603266	-208.0	3.983
1384136603389	-208.0	3.983
1384136603504	-208.0	3.983
1384136603627	-208.0	3.983
1384136603735	-208.0	3.983
1384136603844	-208.0	3.983
1384136603952	-225.0	3.971
1384136604061	-225.0	3.971
1384136604169	-225.0	3.971
1384136604281	-225.0	3.971
1384136604393	-225.0	3.971
1384136604504	-225.0	3.971
1384136604612	-225.0	3.971
1384136604721	-225.0	3.971
1384136604830	-225.0	3.971
1384136604941	-209.0	3.979
1384136605048	-209.0	3.979
1384136605162	-209.0	3.979
1384136605271	-209.0	3.979
1384136605382	-209.0	3.979
1384136605490	-209.0	3.979
1384136605647	-209.0	3.979
1384136605755	-209.0	3.979
1384136605864	-209.0	3.979
1384136605978	-208.0	3.979
1384136606088	-208.0	3.979
1384136606196	-208.0	3.979
1384136606306	-208.0	3.979
1384136606413	-208.0	3.979
1384136606523	-208.0	3.979
1384136606630	-208.0	3.979
1384136606743	-208.0	3.979
1384136606852	-208.0	3.979
1384136606961	-209.0	3.97
1384136607068	-209.0	3.97
1384136607177	-209.0	3.97
1384136607286	-209.0	3.97
1384136607394	-209.0	3.97
1384136607517	-209.0	3.97
1384136607628	-209.0	3.97
1384136607738	-209.0	3.97
1384136607846	-209.0	3.97
1384136607955	-209.0	3.982
1384136608064	-209.0	3.982
1384136608176	-209.0	3.982
1384136608285	-209.0	3.982
1384136608393	-209.0	3.982
1384136608504	-209.0	3.982
1384136608611	-209.0	3.982
1384136608719	-209.0	3.982
1384136608828	-209.0	3.982
1384136608950	-209.0	3.943
1384136609059	-229.0	3.943
1384136609169	-229.0	3.943
1384136609277	-229.0	3.943
1384136609386	-229.0	3.943
1384136609495	-229.0	3.943
1384136609604	-229.0	3.943
1384136609716	-229.0	3.943
1384136609826	-229.0	3.943
1384136609936	-229.0	3.943
1384136610046	-229.0	3.965
1384136610156	-229.0	3.965
1384136610266	-229.0	3.965
1384136610375	-229.0	3.965
1384136610490	-229.0	3.965
1384136610599	-229.0	3.965
1384136610756	-229.0	3.965
1384136610868	-229.0	3.965
1384136610976	-278.0	3.97
1384136611085	-278.0	3.97
1384136611192	-278.0	3.97
1384136611307	-278.0	3.97
1384136611416	-278.0	3.97
1384136611525	-278.0	3.97
1384136611634	-278.0	3.97
1384136611746	-278.0	3.97
1384136611855	-278.0	3.97
1384136611962	-290.0	3.941
1384136612076	-290.0	3.941
1384136612188	-290.0	3.941
1384136612297	-290.0	3.941
1384136612407	-290.0	3.941
1384136612515	-290.0	3.941
1384136612622	-290.0	3.941
1384136612732	-290.0	3.941
1384136612846	-290.0	3.941
1384136612954	-291.0	3.941
1384136613062	-291.0	3.941
1384136613173	-291.0	3.941
1384136613282	-291.0	3.941
1384136613392	-291.0	3.941
1384136613500	-291.0	3.941
1384136613613	-291.0	3.941
1384136613723	-291.0	3.941
1384136613832	-291.0	3.941
1384136613940	-291.0	3.941
1384136614052	-283.0	3.944
1384136614160	-283.0	3.944
1384136614271	-283.0	3.944
1384136614401	-283.0	3.944
1384136614511	-283.0	3.944
1384136614619	-283.0	3.944
1384136614729	-283.0	3.944
1384136614842	-283.0	3.944
1384136614964	-280.0	3.948
1384136615073	-280.0	3.948
1384136615178	-280.0	3.948
1384136615282	-280.0	3.948
1384136615390	-280.0	3.948
1384136615498	-280.0	3.948
1384136615607	-280.0	3.948
1384136615715	-280.0	3.948
1384136615890	-280.0	3.948
1384136615998	-249.0	3.912
1384136616109	-249.0	3.912
1384136616218	-249.0	3.912
1384136616328	-249.0	3.912
1384136616438	-249.0	3.912
1384136616545	-249.0	3.912
1384136616659	-249.0	3.912
1384136616773	-249.0	3.912
1384136616882	-249.0	3.912
1384136616993	-214.0	3.972
1384136617100	-214.0	3.972
1384136617211	-214.0	3.972
1384136617319	-214.0	3.972
1384136617432	-214.0	3.972
1384136617541	-214.0	3.972
1384136617650	-214.0	3.972
1384136617758	-214.0	3.972
1384136617865	-214.0	3.972
1384136617974	-206.0	3.976
1384136618082	-206.0	3.976
1384136618200	-206.0	3.976
1384136618309	-206.0	3.976
1384136618417	-206.0	3.976
1384136618526	-206.0	3.976
1384136618637	-206.0	3.976
1384136618768	-206.0	3.976
1384136618877	-206.0	3.976
1384136618989	-258.0	3.972
1384136619100	-258.0	3.972
1384136619211	-258.0	3.972
1384136619320	-258.0	3.972
1384136619428	-258.0	3.972
1384136619540	-258.0	3.972
1384136619649	-258.0	3.972
1384136619759	-258.0	3.972
1384136619867	-258.0	3.972
1384136619978	-268.0	3.931
1384136620086	-268.0	3.931
1384136620195	-268.0	3.931
1384136620327	-268.0	3.931
1384136620437	-268.0	3.931
1384136620544	-268.0	3.931
1384136620652	-268.0	3.931
1384136620760	-268.0	3.931
1384136620869	-268.0	3.931
1384136621021	-210.0	3.974
1384136621134	-210.0	3.974
1384136621244	-210.0	3.974
1384136621352	-210.0	3.974
1384136621462	-210.0	3.974
1384136621570	-210.0	3.974
1384136621679	-210.0	3.974
1384136621788	-210.0	3.974
1384136621916	-210.0	3.974
1384136622025	-213.0	3.961
1384136622133	-213.0	3.961
1384136622243	-213.0	3.961
1384136622351	-213.0	3.961
1384136622460	-213.0	3.961
1384136622594	-213.0	3.961
1384136622703	-213.0	3.961
1384136622812	-213.0	3.961
1384136622922	-213.0	3.961
1384136623030	-228.0	3.967
1384136623138	-228.0	3.967
1384136623247	-228.0	3.967
1384136623381	-228.0	3.967
1384136623489	-228.0	3.967
1384136623598	-228.0	3.967
1384136623706	-228.0	3.967
1384136623815	-228.0	3.967
1384136623923	-228.0	3.967
1384136624031	-224.0	3.965
1384136624161	-224.0	3.965
1384136624275	-224.0	3.965
1384136624384	-224.0	3.965
1384136624492	-224.0	3.965
1384136624601	-224.0	3.965
1384136624708	-224.0	3.965
1384136624816	-224.0	3.965
1384136624940	-224.0	3.965
1384136625049	-229.0	3.967
1384136625157	-229.0	3.967
1384136625266	-229.0	3.967
1384136625374	-229.0	3.967
1384136625483	-229.0	3.967
1384136625591	-229.0	3.967
1384136625714	-229.0	3.967
1384136625824	-229.0	3.967
1384136625933	-229.0	3.967
1384136626090	-211.0	3.961
1384136626199	-211.0	3.961
1384136626308	-211.0	3.961
1384136626422	-211.0	3.961
1384136626531	-211.0	3.961
1384136626639	-211.0	3.961
1384136626746	-211.0	3.961
1384136626855	-211.0	3.961
1384136626963	-211.0	3.961
1384136627075	-227.0	3.967
1384136627199	-227.0	3.967
1384136627307	-227.0	3.967
1384136627415	-227.0	3.967
1384136627524	-227.0	3.967
1384136627631	-227.0	3.967
1384136627739	-227.0	3.967
1384136627851	-227.0	3.967
1384136627960	-227.0	3.967
1384136628068	-229.0	3.966
1384136628176	-229.0	3.966
1384136628285	-229.0	3.966
1384136628392	-229.0	3.966
1384136628502	-229.0	3.966
1384136628615	-229.0	3.966
1384136628725	-229.0	3.966
1384136628833	-229.0	3.966
1384136628942	-229.0	3.966
1384136629049	-206.0	3.967
1384136629157	-206.0	3.967
1384136629266	-206.0	3.967
1384136629378	-206.0	3.967
1384136629487	-206.0	3.967
1384136629597	-206.0	3.967
1384136629706	-206.0	3.967
1384136629815	-206.0	3.967
1384136629923	-206.0	3.967
1384136630035	-225.0	3.963
1384136630144	-225.0	3.963
1384136630252	-225.0	3.963
1384136630360	-225.0	3.963
1384136630468	-225.0	3.963
1384136630576	-225.0	3.963
1384136630685	-225.0	3.963
1384136630801	-225.0	3.963
1384136630910	-225.0	3.963
1384136631026	-240.0	3.953
1384136631212	-240.0	3.953
1384136631327	-240.0	3.953
1384136631437	-240.0	3.953
1384136631545	-240.0	3.953
1384136631653	-240.0	3.953
1384136631762	-240.0	3.953
1384136631871	-240.0	3.953
1384136632002	-240.0	3.925
1384136632123	-299.0	3.925
1384136632238	-299.0	3.925
1384136632352	-299.0	3.925
1384136632483	-299.0	3.925
1384136632601	-299.0	3.925
1384136632712	-299.0	3.925
1384136632824	-299.0	3.925
1384136632937	-299.0	3.925
1384136633046	-299.0	3.916
1384136633156	-299.0	3.916
1384136633265	-299.0	3.916
1384136633393	-299.0	3.916
1384136633503	-299.0	3.916
1384136633612	-299.0	3.916
1384136633719	-299.0	3.916
1384136633828	-299.0	3.916
1384136633936	-299.0	3.916
1384136634043	-255.0	3.93
1384136634168	-255.0	3.93
1384136634276	-255.0	3.93
1384136634386	-255.0	3.93
1384136634494	-255.0	3.93
1384136634602	-255.0	3.93
1384136634711	-255.0	3.93
1384136634819	-255.0	3.93
1384136634933	-255.0	3.93
1384136635041	-213.0	3.963
1384136635152	-213.0	3.963
1384136635259	-213.0	3.963
1384136635368	-213.0	3.963
1384136635475	-213.0	3.963
1384136635584	-213.0	3.963
1384136635718	-213.0	3.963
1384136635827	-213.0	3.963
1384136635936	-213.0	3.963
1384136636044	-216.0	3.957
1384136636152	-216.0	3.957
1384136636303	-216.0	3.957
1384136636413	-216.0	3.957
1384136636525	-216.0	3.957
1384136636633	-216.0	3.957
1384136636741	-216.0	3.957
1384136636851	-216.0	3.957
1384136636959	-216.0	3.957
1384136637068	-225.0	3.965
1384136637202	-225.0	3.965
1384136637313	-225.0	3.965
1384136637421	-225.0	3.965
1384136637531	-225.0	3.965
1384136637638	-225.0	3.965
1384136637746	-225.0	3.965
1384136637854	-225.0	3.965
1384136637977	-225.0	3.965
1384136638091	-210.0	3.961
1384136638200	-210.0	3.961
1384136638309	-210.0	3.961
1384136638417	-210.0	3.961
1384136638525	-210.0	3.961
1384136638649	-210.0	3.961
1384136638757	-210.0	3.961
1384136638865	-210.0	3.961
1384136638973	-210.0	3.961
1384136639081	-249.0	3.947
1384136639190	-249.0	3.947
1384136639320	-249.0	3.947
1384136639428	-249.0	3.947
1384136639536	-249.0	3.947
1384136639644	-249.0	3.947
1384136639752	-249.0	3.947
1384136639860	-249.0	3.947
1384136639967	-249.0	3.947
1384136640092	-242.0	3.958
1384136640201	-242.0	3.958
1384136640309	-242.0	3.958
1384136640417	-242.0	3.958
1384136640526	-242.0	3.958
1384136640633	-242.0	3.958
1384136640741	-242.0	3.958
1384136640868	-242.0	3.958
1384136640978	-242.0	3.958
1384136641086	-248.0	3.939
1384136641196	-248.0	3.939
1384136641303	-248.0	3.939
1384136641460	-248.0	3.939
1384136641567	-248.0	3.939
1384136641680	-248.0	3.939
1384136641790	-248.0	3.939
1384136641898	-248.0	3.939
1384136642005	-248.0	3.939
1384136642113	-236.0	3.948
1384136642221	-236.0	3.948
1384136642329	-236.0	3.948
1384136642453	-236.0	3.948
1384136642561	-236.0	3.948
1384136642668	-236.0	3.948
1384136642776	-236.0	3.948
1384136642884	-236.0	3.948
1384136642992	-236.0	3.948
1384136643099	-230.0	3.947
1384136643227	-230.0	3.947
1384136643337	-230.0	3.947
1384136643446	-230.0	3.947
1384136643558	-230.0	3.947
1384136643670	-230.0	3.947
1384136643778	-230.0	3.947
1384136643906	-230.0	3.947
1384136644016	-230.0	3.952
1384136644125	-267.0	3.952
1384136644234	-267.0	3.952
1384136644342	-267.0	3.952
1384136644450	-267.0	3.952
1384136644576	-267.0	3.952
1384136644684	-267.0	3.952
1384136644793	-267.0	3.952
1384136644901	-267.0	3.952
1384136645009	-267.0	3.952
1384136645124	-280.0	3.922
1384136645232	-280.0	3.922
1384136645340	-280.0	3.922
1384136645448	-280.0	3.922
1384136645557	-280.0	3.922
1384136645671	-280.0	3.922
1384136645797	-280.0	3.922
1384136645906	-280.0	3.922
1384136646014	-280.0	3.922
1384136646122	-275.0	3.919
1384136646230	-275.0	3.919
1384136646339	-275.0	3.919
1384136646529	-275.0	3.919
1384136646638	-275.0	3.919
1384136646746	-275.0	3.919
1384136646854	-275.0	3.919
1384136646962	-275.0	3.919
1384136647069	-229.0	3.949
1384136647198	-229.0	3.949
1384136647305	-229.0	3.949
1384136647416	-229.0	3.949
1384136647526	-229.0	3.949
1384136647633	-229.0	3.949
1384136647761	-229.0	3.949
1384136647870	-229.0	3.949
1384136647979	-229.0	3.949
1384136648087	-243.0	3.957
1384136648197	-243.0	3.957
1384136648304	-243.0	3.957
1384136648415	-243.0	3.957
1384136648529	-243.0	3.957
1384136648640	-243.0	3.957
1384136648747	-243.0	3.957
1384136648855	-243.0	3.957
1384136648965	-243.0	3.957
1384136649073	-202.0	3.956
1384136649183	-202.0	3.956
1384136649319	-202.0	3.956
1384136649427	-202.0	3.956
1384136649535	-202.0	3.956
1384136649644	-202.0	3.956
1384136649753	-202.0	3.956
1384136649860	-202.0	3.956
1384136649983	-202.0	3.956
1384136650093	-237.0	3.951
1384136650201	-237.0	3.951
1384136650309	-237.0	3.951
1384136650417	-237.0	3.951
1384136650525	-237.0	3.951
1384136650649	-237.0	3.951
1384136650758	-237.0	3.951
1384136650867	-237.0	3.951
1384136650976	-237.0	3.951
1384136651084	-227.0	3.919
1384136651192	-227.0	3.919
1384136651300	-227.0	3.919
1384136651412	-227.0	3.919
1384136651576	-227.0	3.919
1384136651684	-227.0	3.919
1384136651792	-227.0	3.919
1384136651900	-227.0	3.919
1384136652010	-227.0	3.919
1384136652134	-227.0	3.953
1384136652244	-227.0	3.953
1384136652354	-227.0	3.953
1384136652463	-227.0	3.953
1384136652570	-227.0	3.953
1384136652679	-227.0	3.953
1384136652803	-227.0	3.953
1384136652911	-227.0	3.953
1384136653019	-227.0	3.953
1384136653128	-228.0	3.954
1384136653235	-228.0	3.954
1384136653344	-228.0	3.954
1384136653452	-228.0	3.954
1384136653565	-228.0	3.954
1384136653675	-228.0	3.954
1384136653785	-228.0	3.954
1384136653893	-228.0	3.954
1384136654003	-228.0	3.954
1384136654111	-205.0	3.954
1384136654233	-205.0	3.954
1384136654344	-205.0	3.954
1384136654451	-205.0	3.954
1384136654560	-205.0	3.954
1384136654668	-205.0	3.954
1384136654776	-205.0	3.954
1384136654888	-205.0	3.954
1384136654996	-205.0	3.954
1384136655105	-243.0	3.926
1384136655212	-243.0	3.926
1384136655320	-243.0	3.926
1384136655428	-243.0	3.926
1384136655536	-243.0	3.926
1384136655650	-243.0	3.926
1384136655758	-243.0	3.926
1384136655866	-243.0	3.926
1384136655974	-243.0	3.926
1384136656081	-228.0	3.955
1384136656190	-228.0	3.955
1384136656322	-228.0	3.955
1384136656433	-228.0	3.955
1384136656542	-228.0	3.955
1384136656693	-228.0	3.955
1384136656805	-228.0	3.955
1384136656913	-228.0	3.955
1384136657020	-228.0	3.955
1384136657149	-207.0	3.954
1384136657258	-207.0	3.954
1384136657366	-207.0	3.954
1384136657474	-207.0	3.954
1384136657583	-207.0	3.954
1384136657692	-207.0	3.954
1384136657799	-207.0	3.954
1384136657922	-207.0	3.954
1384136658031	-207.0	3.954
1384136658139	-212.0	3.952
1384136658248	-212.0	3.952
1384136658355	-212.0	3.952
1384136658463	-212.0	3.952
1384136658571	-212.0	3.952
1384136658683	-212.0	3.952
1384136658793	-212.0	3.952
1384136658902	-212.0	3.952
1384136659010	-212.0	3.952
1384136659118	-208.0	3.955
1384136659227	-208.0	3.955
1384136659334	-208.0	3.955
1384136659461	-208.0	3.955
1384136659570	-208.0	3.955
1384136659678	-208.0	3.955
1384136659785	-208.0	3.955
1384136659895	-208.0	3.955
1384136660003	-208.0	3.955
1384136660112	-220.0	3.957
1384136660241	-220.0	3.957
1384136660349	-220.0	3.957
1384136660458	-220.0	3.957
1384136660566	-220.0	3.957
1384136660674	-220.0	3.957
1384136660783	-220.0	3.957
1384136660891	-220.0	3.957
1384136661015	-220.0	3.957
1384136661123	-208.0	3.954
1384136661231	-208.0	3.954
1384136661339	-208.0	3.954
1384136661453	-208.0	3.954
1384136661563	-208.0	3.954
1384136661671	-208.0	3.954
1384136661848	-208.0	3.954
1384136661956	-208.0	3.954
1384136662064	-210.0	3.95
1384136662172	-210.0	3.95
1384136662279	-210.0	3.95
1384136662386	-210.0	3.95
1384136662495	-210.0	3.95
1384136662606	-210.0	3.95
1384136662716	-210.0	3.95
1384136662825	-210.0	3.95
1384136662934	-210.0	3.95
1384136663042	-210.0	3.95
1384136663150	-205.0	3.958
1384136663258	-205.0	3.958
1384136663373	-205.0	3.958
1384136663481	-205.0	3.958
1384136663590	-205.0	3.958
1384136663700	-205.0	3.958
1384136663808	-205.0	3.958
1384136663919	-205.0	3.958
1384136664041	-205.0	3.958
1384136664157	-235.0	3.953
1384136664266	-235.0	3.953
1384136664374	-235.0	3.953
1384136664482	-235.0	3.953
1384136664589	-235.0	3.953
1384136664700	-235.0	3.953
1384136664813	-235.0	3.953
1384136664922	-235.0	3.953
1384136665029	-235.0	3.953
1384136665140	-215.0	3.948
1384136665248	-215.0	3.948
1384136665358	-215.0	3.948
1384136665466	-215.0	3.948
1384136665579	-215.0	3.948
1384136665687	-215.0	3.948
1384136665796	-215.0	3.948
1384136665904	-215.0	3.948
1384136666014	-215.0	3.948
1384136666121	-211.0	3.947
1384136666230	-211.0	3.947
1384136666343	-211.0	3.947
1384136666451	-211.0	3.947
1384136666561	-211.0	3.947
1384136666669	-211.0	3.947
1384136666779	-211.0	3.947
1384136666938	-211.0	3.947
1384136667045	-211.0	3.947
1384136667168	-210.0	3.953
1384136667279	-210.0	3.953
1384136667387	-210.0	3.953
1384136667497	-210.0	3.953
1384136667605	-210.0	3.953
1384136667715	-210.0	3.953
1384136667823	-210.0	3.953
1384136667936	-210.0	3.953
1384136668045	-210.0	3.953
1384136668153	-206.0	3.949
1384136668261	-206.0	3.949
1384136668369	-206.0	3.949
1384136668479	-206.0	3.949
1384136668587	-206.0	3.949
1384136668709	-206.0	3.949
1384136668821	-206.0	3.949
1384136668928	-206.0	3.949
1384136669038	-206.0	3.949
1384136669146	-197.0	3.954
1384136669264	-197.0	3.954
1384136669372	-197.0	3.954
1384136669485	-197.0	3.954
1384136669594	-197.0	3.954
1384136669703	-197.0	3.954
1384136669811	-197.0	3.954
1384136669920	-197.0	3.954
1384136670027	-197.0	3.954
1384136670134	-224.0	3.952
1384136670249	-224.0	3.952
1384136670360	-224.0	3.952
1384136670468	-224.0	3.952
1384136670575	-224.0	3.952
1384136670683	-224.0	3.952
1384136670791	-224.0	3.952
1384136670899	-224.0	3.952
1384136671011	-224.0	3.952
1384136671119	-244.0	3.934
1384136671227	-244.0	3.934
1384136671334	-244.0	3.934
1384136671442	-244.0	3.934
1384136671550	-244.0	3.934
1384136671657	-244.0	3.934
1384136671782	-244.0	3.934
1384136671890	-244.0	3.934
1384136672044	-244.0	3.934
1384136672152	-240.0	3.939
1384136672261	-240.0	3.939
1384136672368	-240.0	3.939
1384136672476	-240.0	3.939
1384136672589	-240.0	3.939
1384136672697	-240.0	3.939
1384136672805	-240.0	3.939
1384136672912	-240.0	3.939
1384136673021	-240.0	3.939
1384136673128	-234.0	3.938
1384136673237	-234.0	3.938
1384136673362	-234.0	3.938
1384136673472	-234.0	3.938
1384136673579	-234.0	3.938
1384136673687	-234.0	3.938
1384136673794	-234.0	3.938
1384136673902	-234.0	3.938
1384136674011	-234.0	3.938
1384136674142	-228.0	3.944
1384136674249	-228.0	3.944
1384136674358	-228.0	3.944
1384136674475	-228.0	3.944
1384136674591	-228.0	3.944
1384136674699	-228.0	3.944
1384136674812	-228.0	3.944
1384136674920	-228.0	3.944
1384136675028	-228.0	3.944
1384136675136	-240.0	3.93
1384136675245	-240.0	3.93
1384136675352	-240.0	3.93
1384136675460	-240.0	3.93
1384136675572	-240.0	3.93
1384136675680	-240.0	3.93
1384136675789	-240.0	3.93
1384136675897	-240.0	3.93
1384136676005	-240.0	3.93
1384136676113	-210.0	3.948
1384136676221	-210.0	3.948
1384136676333	-210.0	3.948
1384136676441	-210.0	3.948
1384136676550	-210.0	3.948
1384136676660	-210.0	3.948
1384136676768	-210.0	3.948
1384136676877	-210.0	3.948
1384136676986	-210.0	3.948
1384136677153	-213.0	3.947
1384136677262	-213.0	3.947
1384136677370	-213.0	3.947
1384136677478	-213.0	3.947
1384136677586	-213.0	3.947
1384136677694	-213.0	3.947
1384136677801	-213.0	3.947
1384136677914	-213.0	3.947
1384136678025	-213.0	3.947
1384136678133	-211.0	3.936
1384136678242	-211.0	3.936
1384136678350	-211.0	3.936
1384136678457	-211.0	3.936
1384136678566	-211.0	3.936
1384136678689	-211.0	3.936
1384136678799	-211.0	3.936
1384136678908	-211.0	3.936
1384136679016	-211.0	3.936
1384136679127	-206.0	3.949
1384136679236	-206.0	3.949
1384136679345	-206.0	3.949
1384136679469	-206.0	3.949
1384136679577	-206.0	3.949
1384136679685	-206.0	3.949
1384136679792	-206.0	3.949
1384136679909	-206.0	3.949
1384136680016	-206.0	3.949
1384136680147	-223.0	3.95
1384136680255	-223.0	3.95
1384136680365	-223.0	3.95
1384136680473	-223.0	3.95
1384136680581	-223.0	3.95
1384136680690	-223.0	3.95
1384136680797	-223.0	3.95
1384136680927	-223.0	3.95
1384136681035	-223.0	3.95
1384136681143	-216.0	3.93
1384136681253	-216.0	3.93
1384136681361	-216.0	3.93
1384136681469	-216.0	3.93
1384136681577	-216.0	3.93
1384136681708	-216.0	3.93
1384136681816	-216.0	3.93
1384136681926	-216.0	3.93
1384136682034	-216.0	3.93
1384136682183	-207.0	3.949
1384136682300	-207.0	3.949
1384136682409	-207.0	3.949
1384136682545	-207.0	3.949
1384136682654	-207.0	3.949
1384136682762	-207.0	3.949
1384136682871	-207.0	3.949
1384136682979	-207.0	3.949
1384136683089	-207.0	3.949
1384136683198	-209.0	3.942
1384136683321	-209.0	3.942
1384136683431	-209.0	3.942
1384136683540	-209.0	3.942
1384136683652	-209.0	3.942
1384136683760	-209.0	3.942
1384136683867	-209.0	3.942
1384136683976	-209.0	3.942
1384136684091	-209.0	3.942
1384136684199	-205.0	3.954
1384136684306	-205.0	3.954
1384136684415	-205.0	3.954
1384136684525	-205.0	3.954
1384136684634	-205.0	3.954
1384136684742	-205.0	3.954
1384136684855	-205.0	3.954
1384136684963	-205.0	3.954
1384136685072	-205.0	3.954
1384136685180	-208.0	3.947
1384136685288	-208.0	3.947
1384136685397	-208.0	3.947
1384136685504	-208.0	3.947
1384136685620	-208.0	3.947
1384136685728	-208.0	3.947
1384136685838	-208.0	3.947
1384136685945	-208.0	3.947
1384136686054	-208.0	3.947
1384136686162	-208.0	3.946
1384136686269	-208.0	3.946
1384136686394	-208.0	3.946
1384136686502	-208.0	3.946
1384136686610	-208.0	3.946
1384136686718	-208.0	3.946
1384136686826	-208.0	3.946
1384136686934	-208.0	3.946
1384136687057	-208.0	3.946
1384136687166	-228.0	3.949
1384136687319	-228.0	3.949
1384136687428	-228.0	3.949
1384136687536	-228.0	3.949
1384136687643	-228.0	3.949
1384136687750	-228.0	3.949
1384136687876	-228.0	3.949
1384136687984	-228.0	3.949
1384136688092	-228.0	3.949
1384136688202	-212.0	3.944
1384136688310	-212.0	3.944
1384136688418	-212.0	3.944
1384136688526	-212.0	3.944
1384136688649	-212.0	3.944
1384136688758	-212.0	3.944
1384136688866	-212.0	3.944
1384136688975	-212.0	3.944
1384136689083	-212.0	3.944
1384136689190	-211.0	3.945
1384136689298	-211.0	3.945
1384136689422	-211.0	3.945
1384136689531	-211.0	3.945
1384136689639	-211.0	3.945
1384136689747	-211.0	3.945
1384136689855	-211.0	3.945
1384136689962	-211.0	3.945
1384136690070	-211.0	3.945
1384136690195	-207.0	3.947
1384136690303	-207.0	3.947
1384136690411	-207.0	3.947
1384136690519	-207.0	3.947
1384136690627	-207.0	3.947
1384136690735	-207.0	3.947
1384136690843	-207.0	3.947
1384136690969	-207.0	3.947
1384136691078	-207.0	3.947
1384136691186	-208.0	3.944
1384136691293	-208.0	3.944
1384136691401	-208.0	3.944
1384136691509	-208.0	3.944
1384136691618	-208.0	3.944
1384136691743	-208.0	3.944
1384136691851	-208.0	3.944
1384136691960	-208.0	3.944
1384136692069	-208.0	3.944
1384136692178	-221.0	3.944
1384136692286	-221.0	3.944
1384136692444	-221.0	3.944
1384136692572	-221.0	3.944
1384136692683	-221.0	3.944
1384136692791	-221.0	3.944
1384136692901	-221.0	3.944
1384136693008	-221.0	3.944
1384136693118	-221.0	3.945
1384136693226	-211.0	3.945
1384136693352	-211.0	3.945
1384136693462	-211.0	3.945
1384136693571	-211.0	3.945
1384136693679	-211.0	3.945
1384136693787	-211.0	3.945
1384136693894	-211.0	3.945
1384136694020	-211.0	3.945
1384136694128	-232.0	3.946
1384136694240	-232.0	3.946
1384136694348	-232.0	3.946
1384136694455	-232.0	3.946
1384136694563	-232.0	3.946
1384136694671	-232.0	3.946
1384136694800	-232.0	3.946
1384136694908	-232.0	3.946
1384136695016	-232.0	3.946
1384136695124	-204.0	3.946
1384136695243	-204.0	3.946
1384136695355	-204.0	3.946
1384136695481	-204.0	3.946
1384136695589	-204.0	3.946
1384136695699	-204.0	3.946
1384136695807	-204.0	3.946
1384136695915	-204.0	3.946
1384136696023	-204.0	3.946
1384136696131	-226.0	3.948
1384136696245	-226.0	3.948
1384136696354	-226.0	3.948
1384136696462	-226.0	3.948
1384136696570	-226.0	3.948
1384136696678	-226.0	3.948
1384136696786	-226.0	3.948
1384136696894	-226.0	3.948
1384136697024	-226.0	3.948
1384136697132	-209.0	3.943
1384136697240	-209.0	3.943
1384136697349	-209.0	3.943
1384136697508	-209.0	3.943
1384136697616	-209.0	3.943
1384136697725	-209.0	3.943
1384136697852	-209.0	3.943
1384136697960	-209.0	3.943
1384136698069	-209.0	3.943
1384136698176	-210.0	3.949
1384136698284	-210.0	3.949
1384136698393	-210.0	3.949
1384136698525	-210.0	3.949
1384136698633	-210.0	3.949
1384136698742	-210.0	3.949
1384136698850	-210.0	3.949
1384136698958	-210.0	3.949
1384136699066	-210.0	3.949
1384136699174	-225.0	3.922
1384136699298	-225.0	3.922
1384136699407	-225.0	3.922
1384136699515	-225.0	3.922
1384136699623	-225.0	3.922
1384136699731	-225.0	3.922
1384136699839	-225.0	3.922
1384136699948	-225.0	3.922
1384136700077	-225.0	3.922
1384136700185	-235.0	3.948
1384136700293	-235.0	3.948
1384136700402	-235.0	3.948
1384136700510	-235.0	3.948
1384136700619	-235.0	3.948
1384136700728	-235.0	3.948
1384136700852	-235.0	3.948
1384136700960	-235.0	3.948
1384136701069	-235.0	3.948
1384136701177	-230.0	3.936
1384136701285	-230.0	3.936
1384136701393	-230.0	3.936
1384136701501	-230.0	3.936
1384136701627	-230.0	3.936
1384136701735	-230.0	3.936
1384136701843	-230.0	3.936
1384136701951	-230.0	3.936
1384136702059	-230.0	3.936
1384136702168	-230.0	3.937
1384136702276	-230.0	3.937
1384136702390	-230.0	3.937
1384136702498	-230.0	3.937
1384136702662	-230.0	3.937
1384136702771	-230.0	3.937
1384136702880	-230.0	3.937
1384136702989	-230.0	3.937
1384136703097	-230.0	3.937
1384136703211	-231.0	3.937
1384136703320	-231.0	3.937
1384136703429	-231.0	3.937
1384136703537	-231.0	3.937
1384136703645	-231.0	3.937
1384136703754	-231.0	3.937
1384136703861	-231.0	3.937
1384136703986	-231.0	3.937
1384136704095	-231.0	3.937
1384136704202	-232.0	3.929
1384136704311	-232.0	3.929
1384136704422	-232.0	3.929
1384136704531	-232.0	3.929
1384136704650	-232.0	3.929
1384136704759	-232.0	3.929
1384136704866	-232.0	3.929
1384136704975	-232.0	3.929
1384136705082	-232.0	3.929
1384136705190	-244.0	3.936
1384136705321	-244.0	3.936
1384136705431	-244.0	3.936
1384136705539	-244.0	3.936
1384136705648	-244.0	3.936
1384136705756	-244.0	3.936
1384136705863	-244.0	3.936
1384136705971	-244.0	3.936
1384136706102	-244.0	3.936
1384136706210	-213.0	3.942
1384136706318	-213.0	3.942
1384136706426	-213.0	3.942
1384136706535	-213.0	3.942
1384136706647	-213.0	3.942
1384136706756	-213.0	3.942
1384136706883	-213.0	3.942
1384136706993	-213.0	3.942
1384136707101	-213.0	3.942
1384136707208	-206.0	3.943
1384136707316	-206.0	3.943
1384136707424	-206.0	3.943
1384136707532	-206.0	3.943
1384136707730	-206.0	3.943
1384136707838	-206.0	3.943
1384136707946	-206.0	3.943
1384136708055	-206.0	3.943
1384136708162	-210.0	3.946
1384136708270	-210.0	3.946
1384136708377	-210.0	3.946
1384136708500	-210.0	3.946
1384136708609	-210.0	3.946
1384136708717	-210.0	3.946
1384136708824	-210.0	3.946
1384136708933	-210.0	3.946
1384136709042	-210.0	3.946
1384136709155	-226.0	3.947
1384136709268	-226.0	3.947
1384136709377	-226.0	3.947
1384136709485	-226.0	3.947
1384136709594	-226.0	3.947
1384136709702	-226.0	3.947
1384136709809	-226.0	3.947
1384136709935	-226.0	3.947
1384136710043	-226.0	3.947
1384136710151	-226.0	3.947
1384136710270	-216.0	3.925
1384136710379	-216.0	3.925
1384136710487	-216.0	3.925
1384136710597	-216.0	3.925
1384136710709	-216.0	3.925
1384136710819	-216.0	3.925
1384136710927	-216.0	3.925
1384136711037	-216.0	3.925
1384136711144	-216.0	3.925
1384136711254	-210.0	3.945
1384136711361	-210.0	3.945
1384136711484	-210.0	3.945
1384136711594	-210.0	3.945
1384136711702	-210.0	3.945
1384136711811	-210.0	3.945
1384136711920	-210.0	3.945
1384136712027	-210.0	3.945
1384136712136	-210.0	3.945
1384136712247	-209.0	3.944
1384136712356	-209.0	3.944
1384136712464	-209.0	3.944
1384136712576	-209.0	3.944
1384136712684	-209.0	3.944
1384136712843	-209.0	3.944
1384136712951	-209.0	3.944
1384136713078	-209.0	3.944
1384136713186	-213.0	3.942
1384136713295	-213.0	3.942
1384136713403	-213.0	3.942
1384136713510	-213.0	3.942
1384136713618	-213.0	3.942
1384136713727	-213.0	3.942
1384136713852	-213.0	3.942
1384136713961	-213.0	3.942
1384136714069	-213.0	3.942
1384136714179	-211.0	3.94
1384136714287	-211.0	3.94
1384136714396	-211.0	3.94
1384136714504	-211.0	3.94
1384136714633	-211.0	3.94
1384136714743	-211.0	3.94
1384136714850	-211.0	3.94
1384136714959	-211.0	3.94
1384136715067	-211.0	3.94
1384136715177	-234.0	3.943
1384136715290	-234.0	3.943
1384136715400	-234.0	3.943
1384136715508	-234.0	3.943
1384136715615	-234.0	3.943
1384136715724	-234.0	3.943
1384136715833	-234.0	3.943
1384136715942	-234.0	3.943
1384136716071	-234.0	3.943
1384136716181	-285.0	3.909
1384136716287	-285.0	3.909
1384136716394	-285.0	3.909
1384136716504	-285.0	3.909
1384136716611	-285.0	3.909
1384136716721	-285.0	3.909
1384136716850	-285.0	3.909
1384136716959	-285.0	3.909
1384136717067	-285.0	3.909
1384136717174	-219.0	3.893
1384136717286	-219.0	3.893
1384136717395	-219.0	3.893
1384136717504	-219.0	3.893
1384136717634	-219.0	3.893
1384136717744	-219.0	3.893
1384136717897	-219.0	3.893
1384136718012	-219.0	3.893
1384136718122	-219.0	3.893
1384136718230	-209.0	3.951
1384136718337	-209.0	3.951
1384136718464	-209.0	3.951
1384136718572	-209.0	3.951
1384136718682	-209.0	3.951
1384136718790	-209.0	3.951
1384136718897	-209.0	3.951
1384136719006	-209.0	3.951
1384136719114	-209.0	3.951
1384136719230	-208.0	3.939
1384136719339	-208.0	3.939
1384136719449	-208.0	3.939
1384136719557	-208.0	3.939
1384136719666	-208.0	3.939
1384136719774	-208.0	3.939
1384136719883	-208.0	3.939
1384136719995	-208.0	3.939
1384136720106	-208.0	3.939
1384136720215	-210.0	3.937
1384136720326	-210.0	3.937
1384136720434	-210.0	3.937
1384136720542	-210.0	3.937
1384136720668	-210.0	3.937
1384136720776	-210.0	3.937
1384136720884	-210.0	3.937
1384136720991	-210.0	3.937
1384136721100	-210.0	3.937
1384136721208	-230.0	3.944
1384136721316	-230.0	3.944
1384136721430	-230.0	3.944
1384136721538	-230.0	3.944
1384136721648	-230.0	3.944
1384136721756	-230.0	3.944
1384136721865	-230.0	3.944
1384136721972	-230.0	3.944
1384136722080	-230.0	3.944
1384136722192	-210.0	3.944
1384136722301	-210.0	3.944
1384136722410	-210.0	3.944
1384136722518	-210.0	3.944
1384136722628	-210.0	3.944
1384136722737	-210.0	3.944
1384136722846	-210.0	3.944
1384136723014	-210.0	3.944
1384136723124	-210.0	3.944
1384136723232	-213.0	3.929
1384136723341	-213.0	3.929
1384136723449	-213.0	3.929
1384136723557	-213.0	3.929
1384136723667	-213.0	3.929
1384136723780	-213.0	3.929
1384136723890	-213.0	3.929
1384136723998	-213.0	3.929
1384136724107	-213.0	3.929
1384136724215	-209.0	3.944
1384136724323	-209.0	3.944
1384136724432	-209.0	3.944
1384136724554	-209.0	3.944
1384136724664	-209.0	3.944
1384136724773	-209.0	3.944
1384136724880	-209.0	3.944
1384136724988	-209.0	3.944
1384136725096	-209.0	3.944
1384136725204	-207.0	3.946
1384136725316	-207.0	3.946
1384136725426	-207.0	3.946
1384136725534	-207.0	3.946
1384136725642	-207.0	3.946
1384136725751	-207.0	3.946
1384136725859	-207.0	3.946
1384136725972	-207.0	3.946
1384136726081	-207.0	3.946
1384136726190	-238.0	3.944
1384136726300	-238.0	3.944
1384136726410	-238.0	3.944
1384136726519	-238.0	3.944
1384136726627	-238.0	3.944
1384136726740	-238.0	3.944
1384136726849	-238.0	3.944
1384136726957	-238.0	3.944
1384136727064	-238.0	3.944
1384136727174	-238.0	3.944
1384136727282	-211.0	3.941
1384136727390	-211.0	3.941
1384136727503	-211.0	3.941
1384136727612	-211.0	3.941
1384136727720	-211.0	3.941
1384136727828	-211.0	3.941
1384136727937	-211.0	3.941
1384136728094	-211.0	3.941
1384136728201	-215.0	3.939
1384136728315	-215.0	3.939
1384136728423	-215.0	3.939
1384136728532	-215.0	3.939
1384136728641	-215.0	3.939
1384136728748	-215.0	3.939
1384136728856	-215.0	3.939
1384136728966	-215.0	3.939
1384136729093	-215.0	3.939
1384136729201	-211.0	3.945
1384136729311	-211.0	3.945
1384136729419	-211.0	3.945
1384136729526	-211.0	3.945
1384136729634	-211.0	3.945
1384136729742	-211.0	3.945
1384136729869	-211.0	3.945
1384136729977	-211.0	3.945
1384136730085	-211.0	3.945
1384136730193	-230.0	3.94
1384136730301	-230.0	3.94
1384136730409	-230.0	3.94
1384136730517	-230.0	3.94
1384136730630	-230.0	3.94
1384136730739	-230.0	3.94
1384136730846	-230.0	3.94
1384136730957	-230.0	3.94
1384136731064	-230.0	3.94
1384136731173	-230.0	3.94
1384136731281	-237.0	3.933
1384136731395	-237.0	3.933
1384136731504	-237.0	3.933
1384136731614	-237.0	3.933
1384136731721	-237.0	3.933
1384136731830	-237.0	3.933
1384136731940	-237.0	3.933
1384136732048	-237.0	3.933
1384136732170	-237.0	3.933
1384136732281	-243.0	3.929
1384136732392	-243.0	3.929
1384136732500	-243.0	3.929
1384136732608	-243.0	3.929
1384136732715	-243.0	3.929
1384136732824	-243.0	3.929
1384136732954	-243.0	3.929
1384136733062	-243.0	3.929
1384136733216	-241.0	3.926
1384136733324	-241.0	3.926
1384136733432	-241.0	3.926
1384136733541	-241.0	3.926
1384136733650	-241.0	3.926
1384136733763	-241.0	3.926
1384136733873	-241.0	3.926
1384136733981	-241.0	3.926
1384136734089	-241.0	3.926
1384136734197	-241.0	3.926
1384136734304	-233.0	3.932
1384136734417	-233.0	3.932
1384136734536	-233.0	3.932
1384136734643	-233.0	3.932
1384136734750	-233.0	3.932
1384136734858	-233.0	3.932
1384136734965	-233.0	3.932
1384136735078	-233.0	3.932
1384136735187	-233.0	3.932
1384136735295	-255.0	3.939
1384136735403	-255.0	3.939
1384136735511	-255.0	3.939
1384136735619	-255.0	3.939
1384136735727	-255.0	3.939
1384136735841	-255.0	3.939
1384136735949	-255.0	3.939
1384136736056	-255.0	3.939
1384136736163	-255.0	3.939
1384136736271	-217.0	3.945
1384136736381	-217.0	3.945
1384136736489	-217.0	3.945
1384136736619	-217.0	3.945
1384136736727	-217.0	3.945
1384136736836	-217.0	3.945
1384136736944	-217.0	3.945
1384136737052	-217.0	3.945
1384136737160	-217.0	3.945
1384136737267	-209.0	3.943
1384136737397	-209.0	3.943
1384136737506	-209.0	3.943
1384136737613	-209.0	3.943
1384136737724	-209.0	3.943
1384136737833	-209.0	3.943
1384136737944	-209.0	3.943
1384136738053	-209.0	3.943
1384136738181	-209.0	3.943
1384136738335	-209.0	3.939
1384136738444	-209.0	3.939
1384136738551	-209.0	3.939
1384136738659	-209.0	3.939
1384136738767	-209.0	3.939
1384136738874	-209.0	3.939
1384136739001	-209.0	3.939
1384136739110	-209.0	3.939
1384136739220	-221.0	3.931
1384136739327	-221.0	3.931
1384136739435	-221.0	3.931
1384136739559	-221.0	3.931
1384136739667	-221.0	3.931
1384136739790	-221.0	3.931
1384136739899	-221.0	3.931
1384136740007	-221.0	3.931
1384136740115	-221.0	3.931
1384136740223	-207.0	3.94
1384136740331	-207.0	3.94
1384136740439	-207.0	3.94
1384136740563	-207.0	3.94
1384136740671	-207.0	3.94
1384136740778	-207.0	3.94
1384136740887	-207.0	3.94
1384136740995	-207.0	3.94
1384136741103	-207.0	3.94
1384136741211	-207.0	3.94
1384136741336	-205.0	3.941
1384136741447	-205.0	3.941
1384136741554	-205.0	3.941
1384136741662	-205.0	3.941
1384136741770	-205.0	3.941
1384136741877	-205.0	3.941
1384136741985	-205.0	3.941
1384136742116	-205.0	3.941
1384136742229	-212.0	3.944
1384136742340	-212.0	3.944
1384136742451	-212.0	3.944
1384136742562	-212.0	3.944
1384136742669	-212.0	3.944
1384136742778	-212.0	3.944
1384136742905	-212.0	3.944
1384136743013	-212.0	3.944
1384136743122	-212.0	3.944
1384136743229	-209.0	3.944
1384136743389	-209.0	3.944
1384136743501	-209.0	3.944
1384136743628	-209.0	3.944
1384136743736	-209.0	3.944
1384136743844	-209.0	3.944
1384136743952	-209.0	3.944
1384136744061	-209.0	3.944
1384136744169	-209.0	3.944
1384136744277	-231.0	3.942
1384136744407	-231.0	3.942
1384136744516	-231.0	3.942
1384136744624	-231.0	3.942
1384136744732	-231.0	3.942
1384136744841	-231.0	3.942
1384136744948	-231.0	3.942
1384136745056	-231.0	3.942
1384136745179	-231.0	3.942
1384136745285	-225.0	3.935
1384136745392	-225.0	3.935
1384136745500	-225.0	3.935
1384136745607	-225.0	3.935
1384136745714	-225.0	3.935
1384136745823	-225.0	3.935
1384136745948	-225.0	3.935
1384136746056	-225.0	3.935
1384136746164	-225.0	3.935
1384136746272	-282.0	3.896
1384136746381	-282.0	3.896
1384136746492	-282.0	3.896
1384136746600	-282.0	3.896
1384136746714	-282.0	3.896
1384136746822	-282.0	3.896
1384136746931	-282.0	3.896
1384136747039	-282.0	3.896
1384136747147	-282.0	3.896
1384136747255	-277.0	3.891
1384136747363	-277.0	3.891
1384136747487	-277.0	3.891
1384136747595	-277.0	3.891
1384136747703	-277.0	3.891
1384136747811	-277.0	3.891
1384136747919	-277.0	3.891
1384136748027	-277.0	3.891
1384136748135	-277.0	3.891
1384136748247	-244.0	3.906
1384136748356	-244.0	3.906
1384136748514	-244.0	3.906
1384136748621	-244.0	3.906
1384136748730	-244.0	3.906
1384136748842	-244.0	3.906
1384136748951	-244.0	3.906
1384136749074	-244.0	3.906
1384136749182	-244.0	3.906
1384136749292	-258.0	3.896
1384136749401	-258.0	3.896
1384136749509	-258.0	3.896
1384136749617	-258.0	3.896
1384136749725	-258.0	3.896
1384136749848	-258.0	3.896
1384136749957	-258.0	3.896
1384136750065	-258.0	3.896
1384136750174	-258.0	3.896
1384136750282	-246.0	3.927
1384136750390	-246.0	3.927
1384136750500	-246.0	3.927
1384136750612	-246.0	3.927
1384136750717	-246.0	3.927
1384136750823	-246.0	3.927
1384136750932	-246.0	3.927
1384136751039	-246.0	3.927
1384136751148	-246.0	3.927
1384136751257	-259.0	3.925
1384136751378	-259.0	3.925
1384136751486	-259.0	3.925
1384136751593	-259.0	3.925
1384136751702	-259.0	3.925
1384136751810	-259.0	3.925
1384136751918	-259.0	3.925
1384136752027	-259.0	3.925
1384136752140	-259.0	3.925
1384136752249	-244.0	3.933
1384136752358	-244.0	3.933
1384136752466	-244.0	3.933
1384136752578	-244.0	3.933
1384136752686	-244.0	3.933
1384136752814	-244.0	3.933
1384136752923	-244.0	3.933
1384136753032	-244.0	3.933
1384136753140	-244.0	3.933
1384136753248	-229.0	3.936
1384136753356	-229.0	3.936
1384136753466	-229.0	3.936
1384136753641	-229.0	3.936
1384136753750	-229.0	3.936
1384136753858	-229.0	3.936
1384136753967	-229.0	3.936
1384136754076	-229.0	3.936
1384136754184	-229.0	3.936
1384136754294	-206.0	3.942
1384136754406	-206.0	3.942
1384136754520	-206.0	3.942
1384136754631	-206.0	3.942
1384136754740	-206.0	3.942
1384136754848	-206.0	3.942
1384136754957	-206.0	3.942
1384136755065	-206.0	3.942
1384136755189	-206.0	3.942
1384136755299	-212.0	3.938
1384136755408	-212.0	3.938
1384136755518	-212.0	3.938
1384136755626	-212.0	3.938
1384136755734	-212.0	3.938
1384136755842	-212.0	3.938
1384136755956	-212.0	3.938
1384136756064	-212.0	3.938
1384136756172	-212.0	3.938
1384136756281	-202.0	3.942
1384136756392	-202.0	3.942
1384136756500	-202.0	3.942
1384136756608	-202.0	3.942
1384136756721	-202.0	3.942
1384136756831	-202.0	3.942
1384136756942	-202.0	3.942
1384136757050	-202.0	3.942
1384136757159	-202.0	3.942
1384136757267	-223.0	3.937
1384136757378	-223.0	3.937
1384136757502	-223.0	3.937
1384136757611	-223.0	3.937
1384136757720	-223.0	3.937
1384136757828	-223.0	3.937
1384136757938	-223.0	3.937
1384136758045	-223.0	3.937
1384136758152	-223.0	3.937
1384136758266	-207.0	3.936
1384136758378	-207.0	3.936
1384136758486	-207.0	3.936
1384136758596	-207.0	3.936
1384136758759	-207.0	3.936
1384136758868	-207.0	3.936
1384136758979	-207.0	3.936
1384136759091	-207.0	3.936
1384136759200	-207.0	3.936
1384136759308	-210.0	3.925
1384136759419	-210.0	3.925
1384136759531	-210.0	3.925
1384136759639	-210.0	3.925
1384136759747	-210.0	3.925
1384136759861	-210.0	3.925
1384136759969	-210.0	3.925
1384136760078	-210.0	3.925
1384136760186	-210.0	3.925
1384136760295	-284.0	3.919
1384136760403	-284.0	3.919
1384136760511	-284.0	3.919
1384136760635	-284.0	3.919
1384136760744	-284.0	3.919
1384136760853	-284.0	3.919
1384136760961	-284.0	3.919
1384136761068	-284.0	3.919
1384136761176	-284.0	3.919
1384136761284	-292.0	3.893
1384136761414	-292.0	3.893
1384136761522	-292.0	3.893
1384136761630	-292.0	3.893
1384136761738	-292.0	3.893
1384136761847	-292.0	3.893
1384136761956	-292.0	3.893
1384136762079	-292.0	3.893
1384136762188	-292.0	3.893
1384136762296	-295.0	3.896
1384136762404	-295.0	3.896
1384136762513	-295.0	3.896
1384136762621	-295.0	3.896
1384136762729	-295.0	3.896
1384136762852	-295.0	3.896
1384136762961	-295.0	3.896
1384136763070	-295.0	3.896
1384136763178	-295.0	3.896
1384136763286	-293.0	3.897
1384136763395	-293.0	3.897
1384136763504	-293.0	3.897
1384136763616	-293.0	3.897
1384136763726	-293.0	3.897
1384136763882	-293.0	3.897
1384136763992	-293.0	3.897
1384136764100	-293.0	3.897
1384136764208	-293.0	3.897
1384136764316	-294.0	3.901
1384136764446	-294.0	3.901
1384136764554	-294.0	3.901
1384136764662	-294.0	3.901
1384136764770	-294.0	3.901
1384136764879	-294.0	3.901
1384136764987	-294.0	3.901
1384136765095	-294.0	3.901
1384136765219	-294.0	3.901
1384136765330	-280.0	3.898
1384136765438	-280.0	3.898
1384136765549	-280.0	3.898
1384136765657	-280.0	3.898
1384136765776	-280.0	3.898
1384136765917	-280.0	3.898
1384136766028	-280.0	3.898
1384136766160	-280.0	3.898
1384136766268	-301.0	3.902
1384136766376	-301.0	3.902
1384136766485	-301.0	3.902
1384136766593	-301.0	3.902
1384136766701	-301.0	3.902
1384136766829	-301.0	3.902
1384136766937	-301.0	3.902
1384136767048	-301.0	3.902
1384136767155	-301.0	3.902
1384136767265	-273.0	3.904
1384136767373	-273.0	3.904
1384136767481	-273.0	3.904
1384136767607	-273.0	3.904
1384136767715	-273.0	3.904
1384136767825	-273.0	3.904
1384136767933	-273.0	3.904
1384136768042	-273.0	3.904
1384136768151	-273.0	3.904
1384136768265	-277.0	3.907
1384136768373	-277.0	3.907
1384136768483	-277.0	3.907
1384136768592	-277.0	3.907
1384136768700	-277.0	3.907
1384136768809	-277.0	3.907
1384136768960	-277.0	3.907
1384136769075	-277.0	3.907
1384136769183	-277.0	3.907
1384136769292	-278.0	3.893
1384136769402	-278.0	3.893
1384136769511	-278.0	3.893
1384136769619	-278.0	3.893
1384136769728	-278.0	3.893
1384136769840	-278.0	3.893
1384136769951	-278.0	3.893
1384136770059	-278.0	3.893
1384136770167	-278.0	3.893
1384136770275	-274.0	3.9
1384136770383	-274.0	3.9
1384136770493	-274.0	3.9
1384136770605	-274.0	3.9
1384136770716	-274.0	3.9
1384136770823	-274.0	3.9
1384136770933	-274.0	3.9
1384136771051	-274.0	3.9
1384136771167	-274.0	3.9
1384136771290	-278.0	3.901
1384136771399	-278.0	3.901
1384136771510	-278.0	3.901
1384136771618	-278.0	3.901
1384136771726	-278.0	3.901
1384136771836	-278.0	3.901
1384136771944	-278.0	3.901
1384136772056	-278.0	3.901
1384136772168	-278.0	3.901
1384136772276	-279.0	3.887
1384136772385	-279.0	3.887
1384136772494	-279.0	3.887
1384136772602	-279.0	3.887
1384136772712	-279.0	3.887
1384136772833	-279.0	3.887
1384136772939	-279.0	3.887
1384136773051	-279.0	3.887
1384136773159	-279.0	3.887
1384136773266	-279.0	3.887
1384136773375	-276.0	3.899
1384136773482	-276.0	3.899
1384136773595	-276.0	3.899
1384136773703	-276.0	3.899
1384136773811	-276.0	3.899
1384136773919	-276.0	3.899
1384136774076	-276.0	3.899
1384136774184	-276.0	3.899
1384136774293	-213.0	3.933
1384136774423	-213.0	3.933
1384136774537	-213.0	3.933
1384136774645	-213.0	3.933
1384136774754	-213.0	3.933
1384136774861	-213.0	3.933
1384136774969	-213.0	3.933
1384136775078	-213.0	3.933
1384136775207	-213.0	3.933
1384136775325	-224.0	3.928
1384136775433	-224.0	3.928
1384136775542	-224.0	3.928
1384136775649	-224.0	3.928
1384136775757	-224.0	3.928
1384136775865	-224.0	3.928
1384136775993	-224.0	3.928
1384136776101	-224.0	3.928
1384136776209	-224.0	3.928
1384136776317	-222.0	3.9
1384136776428	-222.0	3.9
1384136776536	-222.0	3.9
1384136776643	-222.0	3.9
1384136776766	-222.0	3.9
1384136776876	-222.0	3.9
1384136776983	-222.0	3.9
1384136777091	-222.0	3.9
1384136777198	-222.0	3.9
1384136777307	-212.0	3.932
1384136777416	-212.0	3.932
1384136777546	-212.0	3.932
1384136777654	-212.0	3.932
1384136777762	-212.0	3.932
1384136777871	-212.0	3.932
1384136777980	-212.0	3.932
1384136778089	-212.0	3.932
1384136778217	-212.0	3.932
1384136778326	-242.0	3.929
1384136778436	-242.0	3.929
1384136778544	-242.0	3.929
1384136778651	-242.0	3.929
1384136778759	-242.0	3.929
1384136778867	-242.0	3.929
1384136778999	-242.0	3.929
1384136779156	-242.0	3.929
1384136779273	-242.0	3.929
1384136779381	-211.0	3.929
1384136779488	-211.0	3.929
1384136779599	-211.0	3.929
1384136779728	-211.0	3.929
1384136779837	-211.0	3.929
1384136779944	-211.0	3.929
1384136780054	-211.0	3.929
1384136780162	-211.0	3.929
1384136780270	-211.0	3.929
1384136780378	-229.0	3.932
1384136780490	-229.0	3.932
1384136780599	-229.0	3.932
1384136780707	-229.0	3.932
1384136780815	-229.0	3.932
1384136780923	-229.0	3.932
1384136781031	-229.0	3.932
1384136781145	-229.0	3.932
1384136781254	-229.0	3.932
1384136781362	-232.0	3.932
1384136781469	-232.0	3.932
1384136781577	-232.0	3.932
1384136781684	-232.0	3.932
1384136781792	-232.0	3.932
1384136781921	-232.0	3.932
1384136782028	-232.0	3.932
1384136782137	-232.0	3.932
1384136782246	-232.0	3.932
1384136782353	-207.0	3.929
1384136782463	-207.0	3.929
1384136782570	-207.0	3.929
1384136782696	-207.0	3.929
1384136782806	-207.0	3.929
1384136782915	-207.0	3.929
1384136783023	-207.0	3.929
1384136783131	-207.0	3.929
1384136783239	-207.0	3.929
1384136783346	-211.0	3.93
1384136783469	-211.0	3.93
1384136783578	-211.0	3.93
1384136783686	-211.0	3.93
1384136783793	-211.0	3.93
1384136783902	-211.0	3.93
1384136784010	-211.0	3.93
1384136784119	-211.0	3.93
1384136784285	-211.0	3.93
1384136784394	-210.0	3.932
1384136784504	-210.0	3.932
1384136784612	-210.0	3.932
1384136784722	-210.0	3.932
1384136784831	-210.0	3.932
1384136784938	-210.0	3.932
1384136785063	-210.0	3.932
1384136785171	-210.0	3.932
1384136785279	-210.0	3.932
1384136785387	-209.0	3.92
1384136785494	-209.0	3.92
1384136785603	-209.0	3.92
1384136785711	-209.0	3.92
1384136785837	-209.0	3.92
1384136785947	-209.0	3.92
1384136786054	-209.0	3.92
1384136786162	-209.0	3.92
1384136786270	-209.0	3.92
1384136786378	-206.0	3.929
1384136786486	-206.0	3.929
1384136786610	-206.0	3.929
1384136786718	-206.0	3.929
1384136786826	-206.0	3.929
1384136786933	-206.0	3.929
1384136787041	-206.0	3.929
1384136787149	-206.0	3.929
1384136787256	-206.0	3.929
1384136787385	-209.0	3.934
1384136787495	-209.0	3.934
1384136787604	-209.0	3.934
1384136787712	-209.0	3.934
1384136787819	-209.0	3.934
1384136787928	-209.0	3.934
1384136788036	-209.0	3.934
1384136788166	-209.0	3.934
1384136788274	-209.0	3.934
1384136788382	-216.0	3.929
1384136788492	-216.0	3.929
1384136788599	-216.0	3.929
1384136788708	-216.0	3.929
1384136788838	-216.0	3.929
1384136788946	-216.0	3.929
1384136789054	-216.0	3.929
1384136789161	-216.0	3.929
1384136789270	-216.0	3.929
1384136789383	-230.0	3.889
1384136789492	-230.0	3.889
1384136789605	-230.0	3.889
1384136789715	-230.0	3.889
1384136789823	-230.0	3.889
1384136789931	-230.0	3.889
1384136790039	-230.0	3.889
1384136790147	-230.0	3.889
1384136790254	-230.0	3.889
1384136790367	-236.0	3.912
1384136790475	-236.0	3.912
1384136790583	-236.0	3.912
1384136790691	-236.0	3.912
1384136790799	-236.0	3.912
1384136790908	-236.0	3.912
1384136791016	-236.0	3.912
1384136791129	-236.0	3.912
1384136791237	-236.0	3.912
1384136791346	-282.0	3.899
1384136791461	-282.0	3.899
1384136791572	-282.0	3.899
1384136791680	-282.0	3.899
1384136791787	-282.0	3.899
1384136791900	-282.0	3.899
1384136792009	-282.0	3.899
1384136792117	-282.0	3.899
1384136792224	-282.0	3.899
1384136792332	-238.0	3.898
1384136792440	-238.0	3.898
1384136792547	-238.0	3.898
1384136792659	-238.0	3.898
1384136792769	-238.0	3.898
1384136792878	-238.0	3.898
1384136792985	-238.0	3.898
1384136793093	-238.0	3.898
1384136793200	-238.0	3.898
1384136793309	-229.0	3.918
1384136793421	-229.0	3.918
1384136793531	-229.0	3.918
1384136793638	-229.0	3.918
1384136793745	-229.0	3.918
1384136793854	-229.0	3.918
1384136793962	-229.0	3.918
1384136794072	-229.0	3.918
1384136794185	-229.0	3.918
1384136794295	-229.0	3.918
1384136794461	-254.0	3.916
1384136794571	-254.0	3.916
1384136794679	-254.0	3.916
1384136794787	-254.0	3.916
1384136794897	-254.0	3.916
1384136795009	-254.0	3.916
1384136795118	-254.0	3.916
1384136795226	-254.0	3.916
1384136795335	-224.0	3.919
1384136795442	-224.0	3.919
1384136795552	-224.0	3.919
1384136795660	-224.0	3.919
1384136795790	-224.0	3.919
1384136795898	-224.0	3.919
1384136796005	-224.0	3.919
1384136796115	-224.0	3.919
1384136796222	-224.0	3.919
1384136796332	-203.0	3.932
1384136796455	-203.0	3.932
1384136796563	-203.0	3.932
1384136796671	-203.0	3.932
1384136796779	-203.0	3.932
1384136796886	-203.0	3.932
1384136796994	-203.0	3.932
1384136797102	-203.0	3.932
1384136797216	-203.0	3.932
1384136797324	-234.0	3.925
1384136797433	-234.0	3.925
1384136797542	-234.0	3.925
1384136797650	-234.0	3.925
1384136797759	-234.0	3.925
1384136797866	-234.0	3.925
1384136797999	-234.0	3.925
1384136798107	-234.0	3.925
1384136798215	-234.0	3.925
1384136798322	-210.0	3.932
1384136798430	-210.0	3.932
1384136798539	-210.0	3.932
1384136798646	-210.0	3.932
1384136798774	-210.0	3.932
1384136798882	-210.0	3.932
1384136798990	-210.0	3.932
1384136799098	-210.0	3.932
1384136799206	-210.0	3.932
1384136799313	-207.0	3.932
1384136799421	-207.0	3.932
1384136799591	-207.0	3.932
1384136799702	-207.0	3.932
1384136799809	-207.0	3.932
1384136799919	-207.0	3.932
1384136800026	-207.0	3.932
1384136800135	-207.0	3.932
1384136800243	-207.0	3.932
1384136800374	-210.0	3.929
1384136800482	-210.0	3.929
1384136800591	-210.0	3.929
1384136800700	-210.0	3.929
1384136800808	-210.0	3.929
1384136800918	-210.0	3.929
1384136801026	-210.0	3.929
1384136801158	-210.0	3.929
1384136801266	-210.0	3.929
1384136801374	-209.0	3.917
1384136801482	-209.0	3.917
1384136801591	-209.0	3.917
1384136801699	-209.0	3.917
1384136801808	-209.0	3.917
1384136801939	-209.0	3.917
1384136802047	-209.0	3.917
1384136802155	-209.0	3.917
1384136802264	-209.0	3.917
1384136802371	-208.0	3.928
1384136802481	-208.0	3.928
1384136802589	-208.0	3.928
1384136802711	-208.0	3.928
1384136802821	-208.0	3.928
1384136802928	-208.0	3.928
1384136803036	-208.0	3.928
1384136803145	-208.0	3.928
1384136803252	-208.0	3.928
1384136803361	-209.0	3.929
1384136803492	-209.0	3.929
1384136803601	-209.0	3.929
1384136803708	-209.0	3.929
1384136803817	-209.0	3.929
1384136803925	-209.0	3.929
1384136804032	-209.0	3.929
1384136804141	-209.0	3.929
1384136804272	-209.0	3.929
1384136804382	-211.0	3.929
1384136804491	-211.0	3.929
1384136804654	-211.0	3.929
1384136804763	-211.0	3.929
1384136804870	-211.0	3.929
1384136804979	-211.0	3.929
1384136805090	-211.0	3.929
1384136805199	-211.0	3.929
1384136805309	-211.0	3.929
1384136805417	-223.0	3.924
1384136805526	-223.0	3.924
1384136805636	-223.0	3.924
1384136805761	-223.0	3.924
1384136805869	-223.0	3.924
1384136805979	-223.0	3.924
1384136806088	-223.0	3.924
1384136806196	-223.0	3.924
1384136806305	-223.0	3.924
1384136806414	-219.0	3.897
1384136806538	-219.0	3.897
1384136806647	-219.0	3.897
1384136806757	-219.0	3.897
1384136806866	-219.0	3.897
1384136806973	-219.0	3.897
1384136807082	-219.0	3.897
1384136807190	-219.0	3.897
1384136807321	-219.0	3.897
1384136807429	-211.0	3.93
1384136807537	-211.0	3.93
1384136807647	-211.0	3.93
1384136807754	-211.0	3.93
1384136807862	-211.0	3.93
1384136807970	-211.0	3.93
1384136808102	-211.0	3.93
1384136808210	-211.0	3.93
1384136808320	-211.0	3.93
1384136808428	-213.0	3.916
1384136808536	-213.0	3.916
1384136808644	-213.0	3.916
1384136808752	-213.0	3.916
1384136808885	-213.0	3.916
1384136808994	-213.0	3.916
1384136809101	-213.0	3.916
1384136809210	-213.0	3.916
1384136809317	-213.0	3.916
1384136809426	-207.0	3.929
1384136809533	-207.0	3.929
1384136809731	-207.0	3.929
1384136809840	-207.0	3.929
1384136809950	-207.0	3.929
1384136810058	-207.0	3.929
1384136810167	-207.0	3.929
1384136810274	-207.0	3.929
1384136810383	-209.0	3.931
1384136810509	-209.0	3.931
1384136810618	-209.0	3.931
1384136810726	-209.0	3.931
1384136810835	-209.0	3.931
1384136810945	-209.0	3.931
1384136811053	-209.0	3.931
1384136811160	-209.0	3.931
1384136811284	-209.0	3.931
1384136811393	-212.0	3.927
1384136811501	-212.0	3.927
1384136811610	-212.0	3.927
1384136811718	-212.0	3.927
1384136811832	-212.0	3.927
1384136811956	-212.0	3.927
1384136812064	-212.0	3.927
1384136812172	-212.0	3.927
1384136812280	-212.0	3.927
1384136812388	-232.0	3.929
1384136812495	-232.0	3.929
1384136812604	-232.0	3.929
1384136812733	-232.0	3.929
1384136812842	-232.0	3.929
1384136812950	-232.0	3.929
1384136813059	-232.0	3.929
1384136813169	-232.0	3.929
1384136813277	-232.0	3.929
1384136813385	-209.0	3.932
1384136813513	-209.0	3.932
1384136813622	-209.0	3.932
1384136813731	-209.0	3.932
1384136813839	-209.0	3.932
1384136813946	-209.0	3.932
1384136814054	-209.0	3.932
1384136814163	-209.0	3.932
1384136814276	-209.0	3.932
1384136814384	-213.0	3.925
1384136814493	-213.0	3.925
1384136814600	-213.0	3.925
1384136814708	-213.0	3.925
1384136814865	-213.0	3.925
1384136814974	-213.0	3.925
1384136815086	-213.0	3.925
1384136815195	-213.0	3.925
1384136815303	-213.0	3.925
1384136815411	-209.0	3.926
1384136815520	-209.0	3.926
1384136815628	-209.0	3.926
1384136815753	-209.0	3.926
1384136815861	-209.0	3.926
1384136815969	-209.0	3.926
1384136816077	-209.0	3.926
1384136816185	-209.0	3.926
1384136816292	-209.0	3.926
1384136816400	-228.0	3.931
1384136816522	-228.0	3.931
1384136816633	-228.0	3.931
1384136816741	-228.0	3.931
1384136816849	-228.0	3.931
1384136816957	-228.0	3.931
1384136817066	-228.0	3.931
1384136817174	-228.0	3.931
1384136817297	-228.0	3.931
1384136817405	-210.0	3.928
1384136817514	-210.0	3.928
1384136817624	-210.0	3.928
1384136817734	-210.0	3.928
1384136817842	-210.0	3.928
1384136817949	-210.0	3.928
1384136818074	-210.0	3.928
1384136818182	-210.0	3.928
1384136818291	-210.0	3.928
1384136818398	-213.0	3.923
1384136818506	-213.0	3.923
1384136818613	-213.0	3.923
1384136818721	-213.0	3.923
1384136818835	-213.0	3.923
1384136818943	-213.0	3.923
1384136819050	-213.0	3.923
1384136819158	-213.0	3.923
1384136819267	-213.0	3.923
1384136819376	-211.0	3.925
1384136819483	-211.0	3.925
1384136819597	-211.0	3.925
1384136819706	-211.0	3.925
1384136819816	-211.0	3.925
1384136819966	-211.0	3.925
1384136820075	-211.0	3.925
1384136820182	-211.0	3.925
1384136820290	-211.0	3.925
1384136820413	-239.0	3.914
1384136820522	-239.0	3.914
1384136820630	-239.0	3.914
1384136820738	-239.0	3.914
1384136820846	-239.0	3.914
1384136820955	-239.0	3.914
1384136821062	-239.0	3.914
1384136821194	-239.0	3.914
1384136821303	-239.0	3.914
1384136821410	-234.0	3.912
1384136821518	-234.0	3.912
1384136821627	-234.0	3.912
1384136821736	-234.0	3.912
1384136821843	-234.0	3.912
1384136821969	-234.0	3.912
1384136822078	-234.0	3.912
1384136822186	-234.0	3.912
1384136822293	-234.0	3.912
1384136822401	-229.0	3.917
1384136822509	-229.0	3.917
1384136822618	-229.0	3.917
1384136822743	-229.0	3.917
1384136822852	-229.0	3.917
1384136822960	-229.0	3.917
1384136823068	-229.0	3.917
1384136823177	-229.0	3.917
1384136823284	-229.0	3.917
1384136823392	-226.0	3.915
1384136823517	-226.0	3.915
1384136823625	-226.0	3.915
1384136823733	-226.0	3.915
1384136823842	-226.0	3.915
1384136823949	-226.0	3.915
1384136824059	-226.0	3.915
1384136824167	-226.0	3.915
1384136824279	-226.0	3.915
1384136824389	-243.0	3.916
1384136824503	-243.0	3.916
1384136824612	-243.0	3.916
1384136824720	-243.0	3.916
1384136824828	-243.0	3.916
1384136824941	-243.0	3.916
1384136825106	-243.0	3.916
1384136825215	-243.0	3.916
1384136825323	-243.0	3.916
1384136825432	-237.0	3.917
1384136825544	-237.0	3.917
1384136825652	-237.0	3.917
1384136825781	-237.0	3.917
1384136825888	-237.0	3.917
1384136825997	-237.0	3.917
1384136826105	-237.0	3.917
1384136826213	-237.0	3.917
1384136826321	-237.0	3.917
1384136826428	-206.0	3.928
1384136826560	-206.0	3.928
1384136826670	-206.0	3.928
1384136826780	-206.0	3.928
1384136826887	-206.0	3.928
1384136826995	-206.0	3.928
1384136827104	-206.0	3.928
1384136827211	-206.0	3.928
1384136827337	-206.0	3.928
1384136827446	-208.0	3.925
1384136827556	-208.0	3.925
1384136827665	-208.0	3.925
1384136827772	-208.0	3.925
1384136827879	-208.0	3.925
1384136827987	-208.0	3.925
1384136828116	-208.0	3.925
1384136828224	-208.0	3.925
1384136828332	-208.0	3.925
1384136828440	-222.0	3.92
1384136828549	-222.0	3.92
1384136828657	-222.0	3.92
1384136828765	-222.0	3.92
1384136828888	-222.0	3.92
1384136828997	-222.0	3.92
1384136829105	-222.0	3.92
1384136829213	-222.0	3.92
1384136829321	-222.0	3.92
1384136829428	-207.0	3.927
1384136829536	-207.0	3.927
1384136829648	-207.0	3.927
1384136829757	-207.0	3.927
1384136829866	-207.0	3.927
1384136829974	-207.0	3.927
1384136830081	-207.0	3.927
1384136830232	-207.0	3.927
1384136830339	-207.0	3.927
1384136830453	-212.0	3.926
1384136830561	-212.0	3.926
1384136830669	-212.0	3.926
1384136830776	-212.0	3.926
1384136830886	-212.0	3.926
1384136830996	-212.0	3.926
1384136831105	-212.0	3.926
1384136831217	-212.0	3.926
1384136831327	-212.0	3.926
1384136831435	-209.0	3.924
1384136831544	-209.0	3.924
1384136831651	-209.0	3.924
1384136831760	-209.0	3.924
1384136831869	-209.0	3.924
1384136831981	-209.0	3.924
1384136832090	-209.0	3.924
1384136832198	-209.0	3.924
1384136832307	-209.0	3.924
1384136832415	-210.0	3.926
1384136832526	-210.0	3.926
1384136832635	-210.0	3.926
1384136832767	-210.0	3.926
1384136832875	-210.0	3.926
1384136832985	-210.0	3.926
1384136833092	-210.0	3.926
1384136833201	-210.0	3.926
1384136833309	-210.0	3.926
1384136833436	-227.0	3.928
1384136833544	-227.0	3.928
1384136833652	-227.0	3.928
1384136833761	-227.0	3.928
1384136833869	-227.0	3.928
1384136833977	-227.0	3.928
1384136834085	-227.0	3.928
1384136834218	-227.0	3.928
1384136834327	-227.0	3.928
1384136834436	-215.0	3.911
1384136834546	-215.0	3.911
1384136834654	-215.0	3.911
1384136834762	-215.0	3.911
1384136834870	-215.0	3.911
1384136834994	-215.0	3.911
1384136835102	-215.0	3.911
1384136835211	-215.0	3.911
1384136835366	-215.0	3.911
1384136835475	-212.0	3.93
1384136835582	-212.0	3.93
1384136835691	-212.0	3.93
1384136835804	-212.0	3.93
1384136835913	-212.0	3.93
1384136836020	-212.0	3.93
1384136836132	-212.0	3.93
1384136836240	-212.0	3.93
1384136836350	-212.0	3.93
1384136836457	-209.0	3.928
1384136836585	-209.0	3.928
1384136836694	-209.0	3.928
1384136836802	-209.0	3.928
1384136836910	-209.0	3.928
1384136837017	-209.0	3.928
1384136837125	-209.0	3.928
1384136837234	-209.0	3.928
1384136837366	-209.0	3.928
1384136837477	-212.0	3.924
1384136837588	-212.0	3.924
1384136837699	-212.0	3.924
1384136837806	-212.0	3.924
1384136837914	-212.0	3.924
1384136838022	-212.0	3.924
1384136838144	-212.0	3.924
1384136838252	-212.0	3.924
1384136838360	-212.0	3.924
1384136838467	-214.0	3.916
1384136838575	-214.0	3.916
1384136838682	-214.0	3.916
1384136838791	-214.0	3.916
1384136838913	-214.0	3.916
1384136839021	-214.0	3.916
1384136839129	-214.0	3.916
1384136839237	-214.0	3.916
1384136839346	-214.0	3.916
1384136839455	-207.0	3.93
1384136839563	-207.0	3.93
1384136839692	-207.0	3.93
1384136839800	-207.0	3.93
1384136839907	-207.0	3.93
1384136840015	-207.0	3.93
1384136840123	-207.0	3.93
1384136840232	-207.0	3.93
1384136840339	-207.0	3.93
1384136840505	-207.0	3.93
1384136840614	-207.0	3.93
1384136840723	-207.0	3.93
1384136840831	-207.0	3.93
1384136840939	-207.0	3.93
1384136841046	-207.0	3.93
1384136841154	-207.0	3.93
1384136841279	-207.0	3.93
1384136841388	-212.0	3.921
1384136841496	-212.0	3.921
1384136841603	-212.0	3.921
1384136841711	-212.0	3.921
1384136841819	-212.0	3.921
1384136841927	-212.0	3.921
1384136842051	-212.0	3.921
1384136842163	-212.0	3.921
1384136842271	-212.0	3.921
1384136842379	-207.0	3.926
1384136842486	-207.0	3.926
1384136842597	-207.0	3.926
1384136842726	-207.0	3.926
1384136842834	-207.0	3.926
1384136842942	-207.0	3.926
1384136843050	-207.0	3.926
1384136843158	-207.0	3.926
1384136843266	-207.0	3.926
1384136843390	-207.0	3.925
1384136843500	-242.0	3.925
1384136843607	-242.0	3.925
1384136843715	-242.0	3.925
1384136843823	-242.0	3.925
1384136843933	-242.0	3.925
1384136844062	-242.0	3.925
1384136844170	-242.0	3.925
1384136844278	-242.0	3.925
1384136844385	-230.0	3.914
1384136844496	-230.0	3.914
1384136844604	-230.0	3.914
1384136844712	-230.0	3.914
1384136844838	-230.0	3.914
1384136844946	-230.0	3.914
1384136845056	-230.0	3.914
1384136845165	-230.0	3.914
1384136845273	-230.0	3.914
1384136845382	-230.0	3.921
1384136845586	-227.0	3.921
1384136845696	-227.0	3.921
1384136845803	-227.0	3.921
1384136845909	-227.0	3.921
1384136846018	-227.0	3.921
1384136846126	-227.0	3.921
1384136846257	-227.0	3.921
1384136846365	-227.0	3.921
1384136846473	-220.0	3.922
1384136846589	-220.0	3.922
1384136846698	-220.0	3.922
1384136846806	-220.0	3.922
1384136846913	-220.0	3.922
1384136847026	-220.0	3.922
1384136847135	-220.0	3.922
1384136847244	-220.0	3.922
1384136847351	-220.0	3.922
1384136847461	-208.0	3.924
1384136847568	-208.0	3.924
1384136847675	-208.0	3.924
1384136847788	-208.0	3.924
1384136847897	-208.0	3.924
1384136848006	-208.0	3.924
1384136848113	-208.0	3.924
1384136848223	-208.0	3.924
1384136848330	-208.0	3.924
1384136848439	-205.0	3.93
1384136848550	-205.0	3.93
1384136848660	-205.0	3.93
1384136848768	-205.0	3.93
1384136848876	-205.0	3.93
1384136848985	-205.0	3.93
1384136849093	-205.0	3.93
1384136849201	-205.0	3.93
1384136849335	-205.0	3.93
1384136849446	-214.0	3.925
1384136849553	-214.0	3.925
1384136849663	-214.0	3.925
1384136849771	-214.0	3.925
1384136849880	-214.0	3.925
1384136849988	-214.0	3.925
1384136850101	-214.0	3.925
1384136850210	-214.0	3.925
1384136850317	-214.0	3.925
1384136850426	-233.0	3.912
1384136850534	-233.0	3.912
1384136850685	-233.0	3.912
1384136850793	-233.0	3.912
1384136850906	-233.0	3.912
1384136851014	-233.0	3.912
1384136851124	-233.0	3.912
1384136851232	-233.0	3.912
1384136851339	-233.0	3.912
1384136851447	-240.0	3.91
1384136851555	-240.0	3.91
1384136851669	-240.0	3.91
1384136851778	-240.0	3.91
1384136851887	-240.0	3.91
1384136851995	-240.0	3.91
1384136852104	-240.0	3.91
1384136852212	-240.0	3.91
1384136852319	-240.0	3.91
1384136852444	-236.0	3.912
1384136852552	-236.0	3.912
1384136852661	-236.0	3.912
1384136852770	-236.0	3.912
1384136852879	-236.0	3.912
1384136852988	-236.0	3.912
1384136853096	-236.0	3.912
1384136853209	-236.0	3.912
1384136853318	-236.0	3.912
1384136853427	-240.0	3.872
1384136853534	-240.0	3.872
1384136853642	-240.0	3.872
1384136853750	-240.0	3.872
1384136853857	-240.0	3.872
1384136853981	-240.0	3.872
1384136854089	-240.0	3.872
1384136854198	-240.0	3.872
1384136854307	-240.0	3.872
1384136854415	-228.0	3.917
1384136854526	-228.0	3.917
1384136854640	-228.0	3.917
1384136854751	-228.0	3.917
1384136854862	-228.0	3.917
1384136854971	-228.0	3.917
1384136855081	-228.0	3.917
1384136855190	-228.0	3.917
1384136855299	-228.0	3.917
1384136855414	-231.0	3.913
1384136855524	-231.0	3.913
1384136855635	-231.0	3.913
1384136855788	-231.0	3.913
1384136855897	-231.0	3.913
1384136856006	-231.0	3.913
1384136856115	-231.0	3.913
1384136856244	-231.0	3.913
1384136856353	-231.0	3.913
1384136856462	-216.0	3.911
1384136856572	-216.0	3.911
1384136856680	-216.0	3.911
1384136856789	-216.0	3.911
1384136856898	-216.0	3.911
1384136857012	-216.0	3.911
1384136857121	-216.0	3.911
1384136857231	-216.0	3.911
1384136857339	-216.0	3.911
1384136857449	-213.0	3.921
1384136857557	-213.0	3.921
1384136857670	-213.0	3.921
1384136857787	-213.0	3.921
1384136857897	-213.0	3.921
1384136858009	-213.0	3.921
1384136858118	-213.0	3.921
1384136858228	-213.0	3.921
1384136858337	-213.0	3.921
1384136858445	-211.0	3.92
1384136858560	-211.0	3.92
1384136858672	-211.0	3.92
1384136858793	-211.0	3.92
1384136858902	-211.0	3.92
1384136859012	-211.0	3.92
1384136859121	-211.0	3.92
1384136859236	-211.0	3.92
1384136859346	-211.0	3.92
1384136859455	-233.0	3.92
1384136859564	-233.0	3.92
1384136859674	-233.0	3.92
1384136859784	-233.0	3.92
1384136859892	-233.0	3.92
1384136860007	-233.0	3.92
1384136860117	-233.0	3.92
1384136860229	-233.0	3.92
1384136860337	-233.0	3.92
1384136860445	-211.0	3.922
1384136860552	-211.0	3.922
1384136860660	-211.0	3.922
1384136860860	-211.0	3.922
1384136860967	-211.0	3.922
1384136861075	-211.0	3.922
1384136861183	-211.0	3.922
1384136861292	-211.0	3.922
1384136861400	-211.0	3.922
1384136861508	-209.0	3.925
1384136861631	-209.0	3.925
1384136861739	-209.0	3.925
1384136861848	-209.0	3.925
1384136861955	-209.0	3.925
1384136862063	-209.0	3.925
1384136862170	-209.0	3.925
1384136862278	-209.0	3.925
1384136862390	-209.0	3.925
1384136862500	-207.0	3.926
1384136862607	-207.0	3.926
1384136862715	-207.0	3.926
1384136862823	-207.0	3.926
1384136862932	-207.0	3.926
1384136863039	-207.0	3.926
1384136863165	-207.0	3.926
1384136863274	-207.0	3.926
1384136863383	-207.0	3.926
1384136863491	-233.0	3.916
1384136863600	-233.0	3.916
1384136863708	-233.0	3.916
1384136863845	-233.0	3.916
1384136863955	-233.0	3.916
1384136864062	-233.0	3.916
1384136864169	-233.0	3.916
1384136864279	-233.0	3.916
1384136864386	-233.0	3.916
1384136864496	-219.0	3.895
1384136864609	-219.0	3.895
1384136864719	-219.0	3.895
1384136864827	-219.0	3.895
1384136864936	-219.0	3.895
1384136865043	-219.0	3.895
1384136865154	-219.0	3.895
1384136865262	-219.0	3.895
1384136865375	-219.0	3.895
1384136865483	-213.0	3.922
1384136865592	-213.0	3.922
1384136865700	-213.0	3.922
1384136865808	-213.0	3.922
1384136865966	-213.0	3.922
1384136866076	-213.0	3.922
1384136866188	-213.0	3.922
1384136866298	-213.0	3.922
1384136866406	-213.0	3.922
1384136866514	-210.0	3.919
1384136866622	-210.0	3.919
1384136866730	-210.0	3.919
1384136866840	-210.0	3.919
1384136866953	-210.0	3.919
1384136867062	-210.0	3.919
1384136867170	-210.0	3.919
1384136867280	-210.0	3.919
1384136867387	-210.0	3.919
1384136867496	-208.0	3.924
1384136867604	-208.0	3.924
1384136867717	-208.0	3.924
1384136867824	-208.0	3.924
1384136867933	-208.0	3.924
1384136868043	-208.0	3.924
1384136868152	-208.0	3.924
1384136868260	-208.0	3.924
1384136868367	-208.0	3.924
1384136868493	-210.0	3.923
1384136868613	-210.0	3.923
1384136868722	-210.0	3.923
1384136868830	-210.0	3.923
1384136868942	-210.0	3.923
1384136869050	-210.0	3.923
1384136869159	-210.0	3.923
1384136869276	-210.0	3.923
1384136869385	-210.0	3.923
1384136869493	-235.0	3.897
1384136869601	-235.0	3.897
1384136869709	-235.0	3.897
1384136869816	-235.0	3.897
1384136869924	-235.0	3.897
1384136870036	-235.0	3.897
1384136870145	-235.0	3.897
1384136870253	-235.0	3.897
1384136870363	-235.0	3.897
1384136870471	-210.0	3.927
1384136870579	-210.0	3.927
1384136870687	-210.0	3.927
1384136870799	-210.0	3.927
1384136870909	-210.0	3.927
1384136871061	-210.0	3.927
1384136871169	-210.0	3.927
1384136871277	-210.0	3.927
1384136871385	-210.0	3.927
1384136871492	-209.0	3.926
1384136871605	-209.0	3.926
1384136871713	-209.0	3.926
1384136871823	-209.0	3.926
1384136871930	-209.0	3.926
1384136872039	-209.0	3.926
1384136872148	-209.0	3.926
1384136872256	-209.0	3.926
1384136872381	-209.0	3.926
1384136872489	-214.0	3.917
1384136872596	-214.0	3.917
1384136872705	-214.0	3.917
1384136872812	-214.0	3.917
1384136872919	-214.0	3.917
1384136873027	-214.0	3.917
1384136873139	-214.0	3.917
1384136873248	-214.0	3.917
1384136873356	-214.0	3.917
1384136873466	-209.0	3.918
1384136873573	-209.0	3.918
1384136873680	-209.0	3.918
1384136873803	-209.0	3.918
1384136873912	-209.0	3.918
1384136874022	-209.0	3.918
1384136874129	-209.0	3.918
1384136874238	-209.0	3.918
1384136874345	-209.0	3.918
1384136874453	-230.0	3.923
1384136874566	-230.0	3.923
1384136874676	-230.0	3.923
1384136874787	-230.0	3.923
1384136874894	-230.0	3.923
1384136875001	-230.0	3.923
1384136875107	-230.0	3.923
1384136875212	-230.0	3.923
1384136875327	-230.0	3.923
1384136875432	-300.0	3.925
1384136875536	-300.0	3.925
1384136875641	-300.0	3.925
1384136875745	-300.0	3.925
1384136875850	-300.0	3.925
1384136875956	-300.0	3.925
1384136876127	-300.0	3.925
1384136876235	-300.0	3.925
1384136876343	-300.0	3.925
1384136876454	-255.0	3.839
1384136876565	-255.0	3.839
1384136876674	-255.0	3.839
1384136876781	-255.0	3.839
1384136876907	-255.0	3.839
1384136877016	-255.0	3.839
1384136877124	-255.0	3.839
1384136877232	-255.0	3.839
1384136877339	-255.0	3.839
1384136877447	-208.0	3.919
1384136877555	-208.0	3.919
1384136877682	-208.0	3.919
1384136877790	-208.0	3.919
1384136877900	-208.0	3.919
1384136878008	-208.0	3.919
1384136878116	-208.0	3.919
1384136878224	-208.0	3.919
1384136878332	-208.0	3.919
1384136878455	-209.0	3.92
1384136878563	-209.0	3.92
1384136878671	-209.0	3.92
1384136878779	-209.0	3.92
1384136878888	-209.0	3.92
1384136878996	-209.0	3.92
1384136879104	-209.0	3.92
1384136879228	-209.0	3.92
1384136879342	-209.0	3.92
1384136879452	-213.0	3.909
1384136879561	-213.0	3.909
1384136879670	-213.0	3.909
1384136879777	-213.0	3.909
1384136879885	-213.0	3.909
1384136880014	-213.0	3.909
1384136880124	-213.0	3.909
1384136880233	-213.0	3.909
1384136880340	-213.0	3.909
1384136880448	-238.0	3.911
1384136880556	-238.0	3.911
1384136880663	-238.0	3.911
1384136880791	-238.0	3.911
1384136880899	-238.0	3.911
1384136881007	-238.0	3.911
1384136881161	-238.0	3.911
1384136881270	-238.0	3.911
1384136881377	-238.0	3.911
1384136881485	-247.0	3.909
1384136881616	-247.0	3.909
1384136881723	-247.0	3.909
1384136881832	-247.0	3.909
1384136881939	-247.0	3.909
1384136882047	-247.0	3.909
1384136882156	-247.0	3.909
1384136882264	-247.0	3.909
1384136882392	-247.0	3.909
1384136882500	-245.0	3.907
1384136882610	-245.0	3.907
1384136882718	-245.0	3.907
1384136882827	-245.0	3.907
1384136882935	-245.0	3.907
1384136883043	-245.0	3.907
1384136883172	-245.0	3.907
1384136883280	-245.0	3.907
1384136883388	-245.0	3.907
1384136883496	-229.0	3.905
1384136883603	-229.0	3.905
1384136883711	-229.0	3.905
1384136883818	-229.0	3.905
1384136883946	-229.0	3.905
1384136884055	-229.0	3.905
1384136884163	-229.0	3.905
1384136884270	-229.0	3.905
1384136884378	-229.0	3.905
1384136884487	-230.0	3.91
1384136884598	-230.0	3.91
1384136884722	-230.0	3.91
1384136884829	-230.0	3.91
1384136884939	-230.0	3.91
1384136885047	-230.0	3.91
1384136885157	-230.0	3.91
1384136885264	-230.0	3.91
1384136885377	-230.0	3.91
1384136885485	-230.0	3.913
1384136885593	-230.0	3.913
1384136885702	-230.0	3.913
1384136885811	-230.0	3.913
1384136885918	-230.0	3.913
1384136886025	-230.0	3.913
1384136886139	-230.0	3.913
1384136886295	-230.0	3.913
1384136886403	-230.0	3.913
1384136886510	-211.0	3.915
1384136886618	-211.0	3.915
1384136886726	-211.0	3.915
1384136886833	-211.0	3.915
1384136886957	-211.0	3.915
1384136887065	-211.0	3.915
1384136887174	-211.0	3.915
1384136887281	-211.0	3.915
1384136887388	-211.0	3.915
1384136887496	-209.0	3.918
1384136887603	-209.0	3.918
1384136887733	-209.0	3.918
1384136887841	-209.0	3.918
1384136887950	-209.0	3.918
1384136888058	-209.0	3.918
1384136888165	-209.0	3.918
1384136888272	-209.0	3.918
1384136888380	-209.0	3.918
1384136888491	-209.0	3.917
1384136888600	-209.0	3.917
1384136888707	-209.0	3.917
1384136888815	-209.0	3.917
1384136888922	-209.0	3.917
1384136889030	-209.0	3.917
1384136889137	-209.0	3.917
1384136889249	-209.0	3.917
1384136889358	-209.0	3.917
1384136889465	-213.0	3.907
1384136889572	-213.0	3.907
1384136889682	-213.0	3.907
1384136889789	-213.0	3.907
1384136889897	-213.0	3.907
1384136890008	-213.0	3.907
1384136890117	-213.0	3.907
1384136890224	-213.0	3.907
1384136890333	-213.0	3.907
1384136890441	-213.0	3.907
1384136890548	-227.0	3.917
1384136890678	-227.0	3.917
1384136890786	-227.0	3.917
1384136890898	-227.0	3.917
1384136891005	-227.0	3.917
1384136891113	-227.0	3.917
1384136891222	-227.0	3.917
1384136891408	-227.0	3.917
1384136891520	-247.0	3.921
1384136891627	-247.0	3.921
1384136891736	-247.0	3.921
1384136891844	-247.0	3.921
1384136891955	-247.0	3.921
1384136892080	-247.0	3.921
1384136892188	-247.0	3.921
1384136892295	-247.0	3.921
1384136892404	-247.0	3.921
1384136892511	-245.0	3.892
1384136892618	-245.0	3.892
1384136892741	-245.0	3.892
1384136892849	-245.0	3.892
1384136892956	-245.0	3.892
1384136893065	-245.0	3.892
1384136893173	-245.0	3.892
1384136893281	-245.0	3.892
1384136893415	-245.0	3.892
1384136893524	-235.0	3.916
1384136893631	-235.0	3.916
1384136893738	-235.0	3.916
1384136893846	-235.0	3.916
1384136893955	-235.0	3.916
1384136894081	-235.0	3.916
1384136894190	-235.0	3.916
1384136894297	-235.0	3.916
1384136894405	-235.0	3.916
1384136894512	-232.0	3.914
1384136894621	-232.0	3.914
1384136894729	-232.0	3.914
1384136894860	-232.0	3.914
1384136894968	-232.0	3.914
1384136895075	-232.0	3.914
1384136895184	-232.0	3.914
1384136895291	-232.0	3.914
1384136895398	-232.0	3.914
1384136895506	-209.0	3.915
1384136895633	-209.0	3.915
1384136895741	-209.0	3.915
1384136895849	-209.0	3.915
1384136895958	-209.0	3.915
1384136896067	-209.0	3.915
1384136896174	-209.0	3.915
1384136896283	-209.0	3.915
1384136896396	-209.0	3.915
1384136896552	-213.0	3.917
1384136896660	-213.0	3.917
1384136896783	-213.0	3.917
1384136896891	-213.0	3.917
1384136896997	-213.0	3.917
1384136897110	-213.0	3.917
1384136897218	-213.0	3.917
1384136897327	-213.0	3.917
1384136897434	-213.0	3.917
1384136897541	-230.0	3.91
1384136897649	-230.0	3.91
1384136897757	-230.0	3.91
1384136897885	-230.0	3.91
1384136897993	-230.0	3.91
1384136898100	-230.0	3.91
1384136898210	-230.0	3.91
1384136898316	-230.0	3.91
1384136898425	-230.0	3.91
1384136898532	-212.0	3.916
1384136898654	-212.0	3.916
1384136898762	-212.0	3.916
1384136898871	-212.0	3.916
1384136898978	-212.0	3.916
1384136899086	-212.0	3.916
1384136899194	-212.0	3.916
1384136899301	-212.0	3.916
1384136899427	-212.0	3.916
1384136899535	-213.0	3.916
1384136899643	-213.0	3.916
1384136899752	-213.0	3.916
1384136899859	-213.0	3.916
1384136899970	-213.0	3.916
1384136900078	-213.0	3.916
1384136900191	-213.0	3.916
1384136900299	-213.0	3.916
1384136900408	-213.0	3.916
1384136900515	-215.0	3.909
1384136900623	-215.0	3.909
1384136900731	-215.0	3.909
1384136900844	-215.0	3.909
1384136900953	-215.0	3.909
1384136901061	-215.0	3.909
1384136901170	-215.0	3.909
1384136901278	-215.0	3.909
1384136901385	-215.0	3.909
1384136901493	-229.0	3.898
1384136901662	-229.0	3.898
1384136901770	-229.0	3.898
1384136901878	-229.0	3.898
1384136901985	-229.0	3.898
1384136902093	-229.0	3.898
1384136902200	-229.0	3.898
1384136902308	-229.0	3.898
1384136902438	-229.0	3.898
1384136902545	-214.0	3.915
1384136902653	-214.0	3.915
1384136902761	-214.0	3.915
1384136902870	-214.0	3.915
1384136902977	-214.0	3.915
1384136903084	-214.0	3.915
1384136903218	-214.0	3.915
1384136903326	-214.0	3.915
1384136903434	-214.0	3.915
1384136903541	-215.0	3.916
1384136903650	-215.0	3.916
1384136903758	-215.0	3.916
1384136903865	-215.0	3.916
1384136903977	-215.0	3.916
1384136904085	-215.0	3.916
1384136904192	-215.0	3.916
1384136904299	-215.0	3.916
1384136904407	-215.0	3.916
1384136904515	-205.0	3.923
1384136904622	-205.0	3.923
1384136904752	-205.0	3.923
1384136904864	-205.0	3.923
1384136904972	-205.0	3.923
1384136905079	-205.0	3.923
1384136905186	-205.0	3.923
1384136905294	-205.0	3.923
1384136905422	-205.0	3.923
1384136905530	-227.0	3.923
1384136905637	-227.0	3.923
1384136905745	-227.0	3.923
1384136905854	-227.0	3.923
1384136905961	-227.0	3.923
1384136906069	-227.0	3.923
1384136906181	-227.0	3.923
1384136906290	-227.0	3.923
1384136906397	-227.0	3.923
1384136906505	-212.0	3.915
1384136906613	-212.0	3.915
1384136906773	-212.0	3.915
1384136906881	-212.0	3.915
1384136906995	-212.0	3.915
1384136907103	-212.0	3.915
1384136907212	-212.0	3.915
1384136907321	-212.0	3.915
1384136907428	-212.0	3.915
1384136907543	-209.0	3.914
1384136907657	-209.0	3.914
1384136907764	-209.0	3.914
1384136907873	-209.0	3.914
1384136907980	-209.0	3.914
1384136908088	-209.0	3.914
1384136908197	-209.0	3.914
1384136908304	-209.0	3.914
1384136908434	-209.0	3.914
1384136908542	-238.0	3.865
1384136908650	-238.0	3.865
1384136908758	-238.0	3.865
1384136908865	-238.0	3.865
1384136908973	-238.0	3.865
1384136909080	-238.0	3.865
1384136909193	-238.0	3.865
1384136909302	-238.0	3.865
1384136909409	-238.0	3.865
1384136909518	-216.0	3.914
1384136909626	-216.0	3.914
1384136909733	-216.0	3.914
1384136909840	-216.0	3.914
1384136909962	-216.0	3.914
1384136910071	-216.0	3.914
1384136910179	-216.0	3.914
1384136910286	-216.0	3.914
1384136910394	-216.0	3.914
1384136910503	-233.0	3.905
1384136910610	-233.0	3.905
1384136910734	-233.0	3.905
1384136910843	-233.0	3.905
1384136910950	-233.0	3.905
1384136911059	-233.0	3.905
1384136911166	-233.0	3.905
1384136911273	-233.0	3.905
1384136911382	-233.0	3.905
1384136911494	-230.0	3.907
1384136911604	-230.0	3.907
1384136911712	-230.0	3.907
1384136911864	-230.0	3.907
1384136911973	-230.0	3.907
1384136912082	-230.0	3.907
1384136912189	-230.0	3.907
1384136912301	-230.0	3.907
1384136912409	-230.0	3.907
1384136912525	-236.0	3.897
1384136912633	-236.0	3.897
1384136912742	-236.0	3.897
1384136912850	-236.0	3.897
1384136912958	-236.0	3.897
1384136913070	-236.0	3.897
1384136913179	-236.0	3.897
1384136913286	-236.0	3.897
1384136913396	-236.0	3.897
1384136913505	-233.0	3.9
1384136913612	-233.0	3.9
1384136913721	-233.0	3.9
1384136913848	-233.0	3.9
1384136913957	-233.0	3.9
1384136914065	-233.0	3.9
1384136914172	-233.0	3.9
1384136914281	-233.0	3.9
1384136914388	-233.0	3.9
1384136914495	-228.0	3.906
1384136914622	-228.0	3.906
1384136914730	-228.0	3.906
1384136914838	-228.0	3.906
1384136914947	-228.0	3.906
1384136915054	-228.0	3.906
1384136915161	-228.0	3.906
1384136915269	-228.0	3.906
1384136915384	-228.0	3.906
1384136915492	-215.0	3.91
1384136915611	-215.0	3.91
1384136915718	-215.0	3.91
1384136915826	-215.0	3.91
1384136915933	-215.0	3.91
1384136916046	-215.0	3.91
1384136916154	-215.0	3.91
1384136916262	-215.0	3.91
1384136916369	-215.0	3.91
1384136916476	-215.0	3.91
1384136916585	-228.0	3.91
1384136916692	-228.0	3.91
1384136916806	-228.0	3.91
1384136916960	-228.0	3.91
1384136917070	-228.0	3.91
1384136917177	-228.0	3.91
1384136917286	-228.0	3.91
1384136917394	-228.0	3.91
1384136917502	-232.0	3.92
1384136917627	-232.0	3.92
1384136917734	-232.0	3.92
1384136917842	-232.0	3.92
1384136917950	-232.0	3.92
1384136918058	-232.0	3.92
1384136918166	-232.0	3.92
1384136918273	-232.0	3.92
1384136918387	-232.0	3.92
1384136918495	-239.0	3.87
1384136918604	-239.0	3.87
1384136918712	-239.0	3.87
1384136918819	-239.0	3.87
1384136918927	-239.0	3.87
1384136919034	-239.0	3.87
1384136919148	-239.0	3.87
1384136919256	-239.0	3.87
1384136919364	-239.0	3.87
1384136919471	-239.0	3.87
1384136919578	-209.0	3.917
1384136919686	-209.0	3.917
1384136919793	-209.0	3.917
1384136919907	-209.0	3.917
1384136920014	-209.0	3.917
1384136920122	-209.0	3.917
1384136920230	-209.0	3.917
1384136920338	-209.0	3.917
1384136920446	-209.0	3.917
1384136920553	-206.0	3.918
1384136920667	-206.0	3.918
1384136920775	-206.0	3.918
1384136920883	-206.0	3.918
1384136920991	-206.0	3.918
1384136921098	-206.0	3.918
1384136921206	-206.0	3.918
1384136921313	-206.0	3.918
1384136921446	-206.0	3.918
1384136921553	-209.0	3.916
1384136921661	-209.0	3.916
1384136921769	-209.0	3.916
1384136921876	-209.0	3.916
1384136924329	-201.0	3.919
1384136924438	-201.0	3.919
1384136924569	-202.0	3.915
1384136924677	-202.0	3.915
1384136924785	-202.0	3.915
1384136924892	-202.0	3.915
1384136925000	-202.0	3.915
1384136925108	-202.0	3.915
1384136925233	-202.0	3.915
1384136925340	-202.0	3.915
1384136925449	-202.0	3.915
1384136925557	-232.0	3.906
1384136925664	-232.0	3.906
1384136925773	-232.0	3.906
1384136925881	-232.0	3.906
1384136926009	-232.0	3.906
1384136926117	-232.0	3.906
1384136926224	-232.0	3.906
1384136926333	-232.0	3.906
1384136926440	-232.0	3.906
1384136926548	-209.0	3.918
1384136926656	-209.0	3.918
1384136926764	-209.0	3.918
1384136926888	-209.0	3.918
1384136926996	-209.0	3.918
1384136927103	-209.0	3.918
1384136927212	-209.0	3.918
1384136927319	-209.0	3.918
1384136927426	-209.0	3.918
1384136927551	-209.0	3.912
1384136927659	-209.0	3.912
1384136927767	-209.0	3.912
1384136927875	-209.0	3.912
1384136927983	-209.0	3.912
1384136928090	-209.0	3.912
1384136928198	-209.0	3.912
1384136928310	-209.0	3.912
1384136928418	-209.0	3.912
1384136928526	-210.0	3.904
1384136928633	-210.0	3.904
1384136928741	-210.0	3.904
1384136928848	-210.0	3.904
1384136928956	-210.0	3.904
1384136929067	-210.0	3.904
1384136929175	-210.0	3.904
1384136929283	-210.0	3.904
1384136929443	-210.0	3.904
1384136929554	-213.0	3.916
1384136929661	-213.0	3.916
1384136929770	-213.0	3.916
1384136929884	-213.0	3.916
1384136929992	-213.0	3.916
1384136930100	-213.0	3.916
1384136930207	-213.0	3.916
1384136930316	-213.0	3.916
1384136930423	-213.0	3.916
1384136930530	-223.0	3.915
1384136930656	-223.0	3.915
1384136930764	-223.0	3.915
1384136930871	-223.0	3.915
1384136930979	-223.0	3.915
1384136931087	-223.0	3.915
1384136931194	-223.0	3.915
1384136931301	-223.0	3.915
1384136931430	-223.0	3.915
1384136931538	-210.0	3.919
1384136931645	-210.0	3.919
1384136931754	-210.0	3.919
1384136931861	-210.0	3.919
1384136931969	-210.0	3.919
1384136932077	-210.0	3.919
1384136932202	-210.0	3.919
1384136932309	-210.0	3.919
1384136932418	-210.0	3.919
1384136932525	-205.0	3.916
1384136932632	-205.0	3.916
1384136932739	-205.0	3.916
1384136932847	-205.0	3.916
1384136932977	-205.0	3.916
1384136933085	-205.0	3.916
1384136933192	-205.0	3.916
1384136933300	-205.0	3.916
1384136933407	-205.0	3.916
1384136933515	-208.0	3.913
1384136933623	-208.0	3.913
1384136933750	-208.0	3.913
1384136933858	-208.0	3.913
1384136933965	-208.0	3.913
1384136934072	-208.0	3.913
1384136934180	-208.0	3.913
1384136934287	-208.0	3.913
1384136934394	-208.0	3.913
1384136934560	-210.0	3.917
1384136934668	-210.0	3.917
1384136934776	-210.0	3.917
1384136934883	-210.0	3.917
1384136934990	-210.0	3.917
1384136935099	-210.0	3.917
1384136935206	-210.0	3.917
1384136935319	-210.0	3.917
1384136935428	-210.0	3.917
1384136935535	-211.0	3.898
1384136935643	-211.0	3.898
1384136935750	-211.0	3.898
1384136935859	-211.0	3.898
1384136935966	-211.0	3.898
1384136936078	-211.0	3.898
1384136936186	-211.0	3.898
1384136936293	-211.0	3.898
1384136936402	-211.0	3.898
1384136936509	-211.0	3.898
1384136936617	-208.0	3.913
1384136936725	-208.0	3.913
1384136936852	-208.0	3.913
1384136936961	-208.0	3.913
1384136937068	-208.0	3.913
1384136937175	-208.0	3.913
1384136937283	-208.0	3.913
1384136937390	-208.0	3.913
1384136937522	-208.0	3.913
1384136937630	-228.0	3.913
1384136937737	-228.0	3.913
1384136937846	-228.0	3.913
1384136937954	-228.0	3.913
1384136938066	-228.0	3.913
1384136938177	-228.0	3.913
1384136938290	-228.0	3.913
1384136938404	-228.0	3.913
1384136938519	-228.0	3.913
1384136938627	-276.0	3.906
1384136938735	-276.0	3.906
1384136938841	-276.0	3.906
1384136938949	-276.0	3.906
1384136939080	-276.0	3.906
1384136939191	-276.0	3.906
1384136939299	-276.0	3.906
1384136939408	-276.0	3.906
1384136939515	-276.0	3.906
1384136939678	-308.0	3.865
1384136939789	-308.0	3.865
1384136939897	-308.0	3.865
1384136940018	-308.0	3.865
1384136940130	-308.0	3.865
1384136940239	-308.0	3.865
1384136940347	-308.0	3.865
1384136940459	-308.0	3.865
1384136940567	-242.0	3.901
1384136940675	-242.0	3.901
1384136940786	-242.0	3.901
1384136940893	-242.0	3.901
1384136941001	-242.0	3.901
1384136941113	-242.0	3.901
1384136941221	-242.0	3.901
1384136941331	-242.0	3.901
1384136941439	-242.0	3.901
1384136941547	-292.0	3.874
1384136941654	-292.0	3.874
1384136941761	-292.0	3.874
1384136941874	-292.0	3.874
1384136941983	-292.0	3.874
1384136942091	-292.0	3.874
1384136942198	-292.0	3.874
1384136942306	-292.0	3.874
1384136942413	-292.0	3.874
1384136942520	-292.0	3.874
1384136942632	-268.0	3.875
1384136942740	-268.0	3.875
1384136942849	-268.0	3.875
1384136942956	-268.0	3.875
1384136943064	-268.0	3.875
1384136943171	-268.0	3.875
1384136943279	-268.0	3.875
1384136943391	-268.0	3.875
1384136943499	-268.0	3.875
1384136943606	-268.0	3.884
1384136943714	-268.0	3.884
1384136943821	-268.0	3.884
1384136943929	-268.0	3.884
1384136944037	-268.0	3.884
1384136944149	-268.0	3.884
1384136944257	-268.0	3.884
1384136944365	-268.0	3.884
1384136944473	-268.0	3.884
1384136944580	-251.0	3.875
1384136944732	-251.0	3.875
1384136944840	-251.0	3.875
1384136944952	-251.0	3.875
1384136945061	-251.0	3.875
1384136945172	-251.0	3.875
1384136945279	-251.0	3.875
1384136945386	-251.0	3.875
1384136945494	-251.0	3.875
1384136945602	-235.0	3.902
1384136945725	-235.0	3.902
1384136945841	-235.0	3.902
1384136945950	-235.0	3.902
1384136946057	-235.0	3.902
1384136946164	-235.0	3.902
1384136946272	-235.0	3.902
1384136946379	-235.0	3.902
1384136946492	-235.0	3.902
1384136946599	-235.0	3.908
1384136946707	-235.0	3.908
1384136946818	-235.0	3.908
1384136946925	-235.0	3.908
1384136947033	-235.0	3.908
1384136947140	-235.0	3.908
1384136947253	-235.0	3.908
1384136947360	-235.0	3.908
1384136947468	-235.0	3.908
1384136947576	-212.0	3.904
1384136947683	-212.0	3.904
1384136947791	-212.0	3.904
1384136947898	-212.0	3.904
1384136948006	-212.0	3.904
1384136948115	-212.0	3.904
1384136948222	-212.0	3.904
1384136948332	-212.0	3.904
1384136948439	-212.0	3.904
1384136948546	-226.0	3.91
1384136948654	-226.0	3.91
1384136948765	-226.0	3.91
1384136948874	-226.0	3.91
1384136948981	-226.0	3.91
1384136949089	-226.0	3.91
1384136949197	-226.0	3.91
1384136949304	-226.0	3.91
1384136949413	-226.0	3.91
1384136949537	-226.0	3.91
1384136949644	-210.0	3.911
1384136949795	-210.0	3.911
1384136949903	-210.0	3.911
1384136950010	-210.0	3.911
1384136950119	-210.0	3.911
1384136950227	-210.0	3.911
1384136950355	-210.0	3.911
1384136950464	-210.0	3.911
1384136950572	-218.0	3.902
1384136950676	-218.0	3.902
1384136950782	-218.0	3.902
1384136950890	-218.0	3.902
1384136950998	-218.0	3.902
1384136951125	-218.0	3.902
1384136951234	-218.0	3.902
1384136951341	-218.0	3.902
1384136951449	-218.0	3.902
1384136951557	-214.0	3.904
1384136951664	-214.0	3.904
1384136951771	-214.0	3.904
1384136951882	-214.0	3.904
1384136951991	-214.0	3.904
1384136952104	-214.0	3.904
1384136952212	-214.0	3.904
1384136952337	-214.0	3.904
1384136952445	-214.0	3.904
1384136952553	-258.0	3.913
1384136952660	-258.0	3.913
1384136952768	-258.0	3.913
1384136952891	-258.0	3.913
1384136953000	-258.0	3.913
1384136953107	-258.0	3.913
1384136953219	-258.0	3.913
1384136953350	-258.0	3.913
1384136953459	-258.0	3.913
1384136953576	-262.0	3.878
1384136953689	-262.0	3.878
1384136953797	-262.0	3.878
1384136953905	-262.0	3.878
1384136954020	-262.0	3.878
1384136954128	-262.0	3.878
1384136954237	-262.0	3.878
1384136954344	-262.0	3.878
1384136954451	-262.0	3.878
1384136954558	-295.0	3.864
1384136954670	-295.0	3.864
1384136954778	-295.0	3.864
1384136954887	-295.0	3.864
1384136954995	-295.0	3.864
1384136955103	-295.0	3.864
1384136955212	-295.0	3.864
1384136955345	-295.0	3.864
1384136955457	-295.0	3.864
1384136955571	-272.0	3.889
1384136955690	-272.0	3.889
1384136955805	-272.0	3.889
1384136955913	-272.0	3.889
1384136956022	-272.0	3.889
1384136956137	-272.0	3.889
1384136956245	-272.0	3.889
1384136956366	-272.0	3.889
1384136956478	-272.0	3.889
1384136956582	-327.0	3.866
1384136956721	-327.0	3.866
1384136956829	-327.0	3.866
1384136956942	-327.0	3.866
1384136957050	-327.0	3.866
1384136957158	-327.0	3.866
1384136957285	-327.0	3.866
1384136957395	-327.0	3.866
1384136957522	-327.0	3.866
1384136957629	-321.0	3.859
1384136957736	-321.0	3.859
1384136957844	-321.0	3.859
1384136957951	-321.0	3.859
1384136958059	-321.0	3.859
1384136958167	-321.0	3.859
1384136958289	-321.0	3.859
1384136958397	-321.0	3.859
1384136958505	-321.0	3.859
1384136958612	-222.0	3.868
1384136958720	-222.0	3.868
1384136958827	-222.0	3.868
1384136958934	-222.0	3.868
1384136959047	-222.0	3.868
1384136959156	-222.0	3.868
1384136959264	-222.0	3.868
1384136959371	-222.0	3.868
1384136959478	-222.0	3.868
1384136959586	-214.0	3.907
1384136959693	-214.0	3.907
1384136959806	-214.0	3.907
1384136959960	-214.0	3.907
1384136960068	-214.0	3.907
1384136960176	-214.0	3.907
1384136960283	-214.0	3.907
1384136960390	-214.0	3.907
1384136960503	-214.0	3.907
1384136960611	-232.0	3.914
1384136960719	-232.0	3.914
1384136960826	-232.0	3.914
1384136960934	-232.0	3.914
1384136961043	-232.0	3.914
1384136961150	-232.0	3.914
1384136961274	-232.0	3.914
1384136961382	-232.0	3.914
1384136961490	-232.0	3.914
1384136961598	-215.0	3.906
1384136961706	-215.0	3.906
1384136961813	-215.0	3.906
1384136961921	-215.0	3.906
1384136962051	-215.0	3.906
1384136962159	-215.0	3.906
1384136962266	-215.0	3.906
1384136962374	-215.0	3.906
1384136962481	-215.0	3.906
