Time/ms	Current/mA	Voltage/V
1384135808787	-215.0	4.06
1384135808895	-215.0	4.06
1384135809004	-215.0	4.06
1384135809140	-215.0	4.06
1384135809262	-215.0	4.06
1384135809370	-215.0	4.06
1384135809486	-215.0	4.06
1384135809593	-394.0	4.013
1384135809702	-394.0	4.013
1384135809816	-394.0	4.013
1384135809925	-394.0	4.013
1384135810030	-394.0	4.013
1384135810138	-394.0	4.013
1384135810245	-394.0	4.013
1384135810355	-394.0	4.013
1384135810461	-394.0	4.013
1384135810569	-394.0	4.013
1384135810679	-341.0	3.988
1384135810845	-341.0	3.988
1384135810961	-341.0	3.988
1384135811077	-341.0	3.988
1384135811183	-341.0	3.988
1384135811291	-341.0	3.988
1384135811399	-341.0	3.988
1384135811508	-341.0	3.988
1384135811615	-293.0	4.007
1384135811724	-293.0	4.007
1384135811853	-293.0	4.007
1384135811962	-293.0	4.007
1384135812072	-293.0	4.007
1384135812182	-293.0	4.007
1384135812290	-293.0	4.007
1384135812400	-293.0	4.007
1384135812530	-293.0	4.007
1384135812639	-231.0	4.057
1384135812747	-231.0	4.057
1384135812855	-231.0	4.057
1384135812963	-231.0	4.057
1384135813071	-231.0	4.057
1384135813180	-231.0	4.057
1384135813292	-231.0	4.057
1384135813401	-231.0	4.057
1384135813509	-231.0	4.057
1384135813618	-208.0	4.061
1384135813726	-208.0	4.061
1384135813835	-208.0	4.061
1384135813943	-208.0	4.061
1384135814079	-208.0	4.061
1384135814187	-208.0	4.061
1384135814296	-208.0	4.061
1384135814405	-208.0	4.061
1384135814513	-208.0	4.061
1384135814621	-244.0	4.044
1384135814729	-244.0	4.044
1384135814860	-244.0	4.044
1384135814969	-244.0	4.044
1384135815078	-244.0	4.044
1384135815185	-244.0	4.044
1384135815294	-244.0	4.044
1384135815404	-244.0	4.044
1384135815511	-244.0	4.044
1384135815642	-209.0	4.062
1384135815751	-209.0	4.062
1384135815905	-209.0	4.062
1384135816015	-209.0	4.062
1384135816127	-209.0	4.062
1384135816238	-209.0	4.062
1384135816363	-209.0	4.062
1384135816472	-209.0	4.062
1384135816580	-209.0	4.062
1384135816688	-242.0	4.044
1384135816796	-242.0	4.044
1384135816904	-242.0	4.044
1384135817011	-242.0	4.044
1384135817141	-242.0	4.044
1384135817253	-242.0	4.044
1384135817372	-242.0	4.044
1384135817479	-242.0	4.044
1384135817588	-242.0	4.044
1384135817697	-225.0	4.057
1384135817821	-225.0	4.057
1384135817929	-225.0	4.057
1384135818037	-225.0	4.057
1384135818145	-225.0	4.057
1384135818253	-225.0	4.057
1384135818363	-225.0	4.057
1384135818471	-225.0	4.057
1384135818583	-225.0	4.057
1384135818692	-205.0	4.056
1384135818802	-205.0	4.056
1384135818910	-205.0	4.056
1384135819018	-205.0	4.056
1384135819128	-205.0	4.056
1384135819237	-205.0	4.056
1384135819350	-205.0	4.056
1384135819458	-205.0	4.056
1384135819568	-205.0	4.056
1384135819677	-209.0	4.046
1384135819785	-209.0	4.046
1384135819893	-209.0	4.046
1384135820000	-209.0	4.046
1384135820109	-209.0	4.046
1384135820216	-209.0	4.046
1384135820324	-209.0	4.046
1384135820432	-209.0	4.046
1384135820541	-209.0	4.046
1384135820649	-231.0	4.054
1384135820761	-231.0	4.054
1384135820870	-231.0	4.054
1384135821023	-231.0	4.054
1384135821131	-231.0	4.054
1384135821239	-231.0	4.054
1384135821347	-231.0	4.054
1384135821456	-231.0	4.054
1384135821571	-231.0	4.054
1384135821680	-209.0	4.051
1384135821792	-209.0	4.051
1384135821900	-209.0	4.051
1384135822008	-209.0	4.051
1384135822115	-209.0	4.051
1384135822244	-209.0	4.051
1384135822352	-209.0	4.051
1384135822460	-209.0	4.051
1384135822567	-209.0	4.051
1384135822676	-225.0	4.011
1384135822783	-225.0	4.011
1384135822891	-225.0	4.011
1384135823013	-225.0	4.011
1384135823122	-225.0	4.011
1384135823231	-225.0	4.011
1384135823338	-225.0	4.011
1384135823447	-225.0	4.011
1384135823555	-225.0	4.011
1384135823663	-206.0	4.05
1384135823786	-206.0	4.05
1384135823894	-206.0	4.05
1384135824004	-206.0	4.05
1384135824112	-206.0	4.05
1384135824219	-206.0	4.05
1384135824327	-206.0	4.05
1384135824452	-206.0	4.05
1384135824561	-206.0	4.05
1384135824669	-228.0	4.054
1384135824776	-228.0	4.054
1384135824883	-228.0	4.054
1384135824991	-228.0	4.054
1384135825098	-228.0	4.054
1384135825212	-228.0	4.054
1384135825320	-228.0	4.054
1384135825428	-228.0	4.054
1384135825535	-228.0	4.054
1384135825645	-204.0	4.053
1384135825753	-204.0	4.053
1384135825861	-204.0	4.053
1384135825990	-204.0	4.053
1384135826147	-204.0	4.053
1384135826256	-204.0	4.053
1384135826365	-204.0	4.053
1384135826474	-204.0	4.053
1384135826583	-204.0	4.053
1384135826692	-203.0	4.051
1384135826804	-203.0	4.051
1384135826913	-203.0	4.051
1384135827021	-203.0	4.051
1384135827131	-203.0	4.051
1384135827239	-203.0	4.051
1384135827347	-203.0	4.051
1384135827456	-203.0	4.051
1384135827567	-203.0	4.051
1384135827677	-207.0	4.045
1384135827785	-207.0	4.045
1384135827894	-207.0	4.045
1384135828002	-207.0	4.045
1384135828110	-207.0	4.045
1384135828218	-207.0	4.045
1384135828331	-207.0	4.045
1384135828441	-207.0	4.045
1384135828549	-207.0	4.045
1384135828657	-222.0	4.042
1384135828765	-222.0	4.042
1384135828875	-222.0	4.042
1384135828987	-222.0	4.042
1384135829096	-222.0	4.042
1384135829203	-222.0	4.042
1384135829312	-222.0	4.042
1384135829420	-222.0	4.042
1384135829527	-222.0	4.042
1384135829636	-233.0	4.033
1384135829759	-233.0	4.033
1384135829868	-233.0	4.033
1384135829976	-233.0	4.033
1384135830086	-233.0	4.033
1384135830195	-233.0	4.033
1384135830306	-233.0	4.033
1384135830415	-233.0	4.033
1384135830527	-233.0	4.033
1384135830636	-230.0	4.037
1384135830747	-230.0	4.037
1384135830855	-230.0	4.037
1384135830966	-230.0	4.037
1384135831078	-230.0	4.037
1384135831234	-230.0	4.037
1384135831366	-230.0	4.037
1384135831476	-230.0	4.037
1384135831593	-230.0	4.037
1384135831701	-228.0	4.038
1384135831810	-228.0	4.038
1384135831917	-228.0	4.038
1384135832025	-228.0	4.038
1384135832138	-228.0	4.038
1384135832247	-228.0	4.038
1384135832355	-228.0	4.038
1384135832467	-228.0	4.038
1384135832577	-228.0	4.038
1384135832687	-226.0	4.036
1384135832798	-226.0	4.036
1384135832909	-226.0	4.036
1384135833022	-226.0	4.036
1384135833136	-226.0	4.036
1384135833245	-226.0	4.036
1384135833354	-226.0	4.036
1384135833463	-226.0	4.036
1384135833573	-226.0	4.036
1384135833686	-235.0	4.036
1384135833794	-235.0	4.036
1384135833903	-235.0	4.036
1384135834012	-235.0	4.036
1384135834122	-235.0	4.036
1384135834230	-235.0	4.036
1384135834356	-235.0	4.036
1384135834467	-235.0	4.036
1384135834576	-235.0	4.036
1384135834687	-233.0	4.025
1384135834797	-233.0	4.025
1384135834904	-233.0	4.025
1384135835012	-233.0	4.025
1384135835136	-233.0	4.025
1384135835245	-233.0	4.025
1384135835353	-233.0	4.025
1384135835466	-233.0	4.025
1384135835576	-233.0	4.025
1384135835684	-210.0	4.041
1384135835791	-210.0	4.041
1384135835919	-210.0	4.041
1384135836028	-210.0	4.041
1384135836137	-210.0	4.041
1384135836297	-210.0	4.041
1384135836404	-210.0	4.041
1384135836512	-210.0	4.041
1384135836620	-210.0	4.041
1384135836732	-209.0	4.041
1384135836840	-209.0	4.041
1384135836948	-209.0	4.041
1384135837055	-209.0	4.041
1384135837165	-209.0	4.041
1384135837274	-209.0	4.041
1384135837385	-209.0	4.041
1384135837496	-209.0	4.041
1384135837605	-209.0	4.041
1384135837714	-207.0	4.04
1384135837822	-207.0	4.04
1384135837932	-207.0	4.04
1384135838039	-207.0	4.04
1384135838165	-207.0	4.04
1384135838273	-207.0	4.04
1384135838382	-207.0	4.04
1384135838497	-207.0	4.04
1384135838636	-207.0	4.04
1384135838747	-274.0	4.011
1384135838856	-274.0	4.011
1384135838967	-274.0	4.011
1384135839074	-274.0	4.011
1384135839182	-274.0	4.011
1384135839290	-274.0	4.011
1384135839399	-274.0	4.011
1384135839507	-274.0	4.011
1384135839630	-274.0	4.011
1384135839741	-250.0	3.997
1384135839848	-250.0	3.997
1384135839957	-250.0	3.997
1384135840065	-250.0	3.997
1384135840173	-250.0	3.997
1384135840282	-250.0	3.997
1384135840406	-250.0	3.997
1384135840514	-250.0	3.997
1384135840623	-250.0	3.997
1384135840733	-206.0	4.035
1384135840842	-206.0	4.035
1384135840950	-206.0	4.035
1384135841059	-206.0	4.035
1384135841171	-206.0	4.035
1384135841279	-206.0	4.035
1384135841436	-206.0	4.035
1384135841545	-206.0	4.035
1384135841654	-208.0	4.04
1384135841764	-208.0	4.04
1384135841888	-208.0	4.04
1384135841997	-208.0	4.04
1384135842105	-208.0	4.04
1384135842212	-208.0	4.04
1384135842320	-208.0	4.04
1384135842429	-208.0	4.04
1384135842537	-208.0	4.04
1384135842665	-208.0	4.034
1384135842773	-225.0	4.034
1384135842883	-225.0	4.034
1384135842990	-225.0	4.034
1384135843098	-225.0	4.034
1384135843208	-225.0	4.034
1384135843316	-225.0	4.034
1384135843445	-225.0	4.034
1384135843554	-225.0	4.034
1384135843665	-215.0	4.029
1384135843774	-215.0	4.029
1384135843883	-215.0	4.029
1384135843991	-215.0	4.029
1384135844117	-215.0	4.029
1384135844233	-215.0	4.029
1384135844344	-215.0	4.029
1384135844453	-215.0	4.029
1384135844560	-215.0	4.029
1384135844670	-216.0	4.012
1384135844779	-216.0	4.012
1384135844892	-216.0	4.012
1384135845000	-216.0	4.012
1384135845108	-216.0	4.012
1384135845216	-216.0	4.012
1384135845324	-216.0	4.012
1384135845433	-216.0	4.012
1384135845541	-216.0	4.012
1384135845653	-216.0	4.039
1384135845761	-213.0	4.039
1384135845869	-213.0	4.039
1384135845977	-213.0	4.039
1384135846084	-213.0	4.039
1384135846192	-213.0	4.039
1384135846299	-213.0	4.039
1384135846413	-213.0	4.039
1384135846578	-213.0	4.039
1384135846686	-223.0	4.007
1384135846793	-223.0	4.007
1384135846903	-223.0	4.007
1384135847011	-223.0	4.007
1384135847133	-223.0	4.007
1384135847242	-223.0	4.007
1384135847350	-223.0	4.007
1384135847457	-223.0	4.007
1384135847566	-223.0	4.007
1384135847674	-222.0	4.04
1384135847782	-222.0	4.04
1384135847894	-222.0	4.04
1384135848002	-222.0	4.04
1384135848111	-222.0	4.04
1384135848218	-222.0	4.04
1384135848325	-222.0	4.04
1384135848434	-222.0	4.04
1384135848543	-222.0	4.04
1384135848655	-222.0	4.04
1384135848763	-207.0	4.037
1384135848872	-207.0	4.037
1384135848980	-207.0	4.037
1384135849089	-207.0	4.037
1384135849197	-207.0	4.037
1384135849318	-207.0	4.037
1384135849426	-207.0	4.037
1384135849535	-207.0	4.037
1384135849642	-207.0	4.037
1384135849750	-227.0	4.027
1384135849858	-227.0	4.027
1384135849991	-227.0	4.027
1384135850100	-227.0	4.027
1384135850209	-227.0	4.027
1384135850321	-227.0	4.027
1384135850453	-227.0	4.027
1384135850570	-227.0	4.027
1384135850680	-281.0	4.033
1384135850796	-281.0	4.033
1384135850903	-281.0	4.033
1384135851012	-281.0	4.033
1384135851121	-281.0	4.033
1384135851230	-281.0	4.033
1384135851339	-281.0	4.033
1384135851463	-281.0	4.033
1384135851609	-281.0	4.033
1384135851713	-318.0	3.987
1384135851819	-318.0	3.987
1384135851927	-318.0	3.987
1384135852047	-318.0	3.987
1384135852160	-318.0	3.987
1384135852269	-318.0	3.987
1384135852377	-318.0	3.987
1384135852485	-318.0	3.987
1384135852609	-318.0	3.987
1384135852717	-260.0	3.998
1384135852825	-260.0	3.998
1384135852933	-260.0	3.998
1384135853041	-260.0	3.998
1384135853149	-260.0	3.998
1384135853256	-260.0	3.998
1384135853383	-260.0	3.998
1384135853495	-260.0	3.998
1384135853603	-260.0	3.998
1384135853711	-209.0	4.033
1384135853819	-209.0	4.033
1384135853926	-209.0	4.033
1384135854035	-209.0	4.033
1384135854164	-209.0	4.033
1384135854273	-209.0	4.033
1384135854382	-209.0	4.033
1384135854489	-209.0	4.033
1384135854598	-209.0	4.033
1384135854705	-202.0	4.031
1384135854814	-202.0	4.031
1384135854944	-202.0	4.031
1384135855053	-202.0	4.031
1384135855160	-202.0	4.031
1384135855269	-202.0	4.031
1384135855378	-202.0	4.031
1384135855487	-202.0	4.031
1384135855615	-202.0	4.031
1384135855725	-225.0	4.033
1384135855832	-225.0	4.033
1384135855940	-225.0	4.033
1384135856048	-225.0	4.033
1384135856156	-225.0	4.033
1384135856264	-225.0	4.033
1384135856397	-225.0	4.033
1384135856511	-225.0	4.033
1384135856682	-225.0	4.03
1384135856791	-210.0	4.03
1384135856900	-210.0	4.03
1384135857007	-210.0	4.03
1384135857139	-210.0	4.03
1384135857247	-210.0	4.03
1384135857355	-210.0	4.03
1384135857463	-210.0	4.03
1384135857571	-210.0	4.03
1384135857679	-210.0	4.03
1384135857787	-237.0	4.007
1384135857897	-237.0	4.007
1384135858006	-237.0	4.007
1384135858114	-237.0	4.007
1384135858222	-237.0	4.007
1384135858337	-237.0	4.007
1384135858447	-237.0	4.007
1384135858556	-237.0	4.007
1384135858673	-237.0	4.007
1384135858781	-271.0	4.027
1384135858889	-271.0	4.027
1384135859003	-271.0	4.027
1384135859111	-271.0	4.027
1384135859220	-271.0	4.027
1384135859328	-271.0	4.027
1384135859438	-271.0	4.027
1384135859545	-271.0	4.027
1384135859653	-271.0	4.027
1384135859766	-233.0	4.002
1384135859875	-233.0	4.002
1384135859984	-233.0	4.002
1384135860092	-233.0	4.002
1384135860201	-233.0	4.002
1384135860309	-233.0	4.002
1384135860417	-233.0	4.002
1384135860541	-233.0	4.002
1384135860649	-233.0	4.002
1384135860758	-249.0	4.0
1384135860865	-249.0	4.0
1384135860972	-249.0	4.0
1384135861082	-249.0	4.0
1384135861189	-249.0	4.0
1384135861302	-249.0	4.0
1384135861410	-249.0	4.0
1384135861519	-249.0	4.0
1384135861628	-249.0	4.0
1384135861780	-240.0	4.019
1384135861889	-240.0	4.019
1384135861996	-240.0	4.019
1384135862109	-240.0	4.019
1384135862217	-240.0	4.019
1384135862325	-240.0	4.019
1384135862432	-240.0	4.019
1384135862540	-240.0	4.019
1384135862648	-240.0	4.019
1384135862761	-249.0	4.013
1384135862869	-249.0	4.013
1384135862977	-249.0	4.013
1384135863085	-249.0	4.013
1384135863192	-249.0	4.013
1384135863301	-249.0	4.013
1384135863409	-249.0	4.013
1384135863532	-249.0	4.013
1384135863642	-249.0	4.013
1384135863750	-287.0	3.988
1384135863858	-287.0	3.988
1384135863967	-287.0	3.988
1384135864074	-287.0	3.988
1384135864183	-287.0	3.988
1384135864295	-287.0	3.988
1384135864404	-287.0	3.988
1384135864511	-287.0	3.988
1384135864620	-287.0	3.988
1384135864730	-255.0	4.015
1384135864843	-255.0	4.015
1384135864951	-255.0	4.015
1384135865059	-255.0	4.015
1384135865168	-255.0	4.015
1384135865275	-255.0	4.015
1384135865383	-255.0	4.015
1384135865515	-255.0	4.015
1384135865624	-255.0	4.015
1384135865731	-242.0	3.998
1384135865839	-242.0	3.998
1384135865947	-242.0	3.998
1384135866055	-242.0	3.998
1384135866163	-242.0	3.998
1384135866287	-242.0	3.998
1384135866420	-242.0	3.998
1384135866531	-242.0	3.998
1384135866639	-242.0	3.998
1384135866747	-235.0	4.028
1384135866906	-235.0	4.028
1384135867033	-235.0	4.028
1384135867141	-235.0	4.028
1384135867250	-235.0	4.028
1384135867358	-235.0	4.028
1384135867467	-235.0	4.028
1384135867574	-235.0	4.028
1384135867684	-235.0	4.028
1384135867808	-209.0	4.028
1384135867916	-209.0	4.028
1384135868026	-209.0	4.028
1384135868133	-209.0	4.028
1384135868241	-209.0	4.028
1384135868349	-209.0	4.028
1384135868481	-209.0	4.028
1384135868591	-209.0	4.028
1384135868699	-209.0	4.028
1384135868807	-225.0	4.031
1384135868915	-225.0	4.031
1384135869024	-225.0	4.031
1384135869148	-225.0	4.031
1384135869256	-225.0	4.031
1384135869365	-225.0	4.031
1384135869473	-225.0	4.031
1384135869581	-225.0	4.031
1384135869690	-225.0	4.031
1384135869799	-223.0	4.029
1384135869926	-223.0	4.029
1384135870034	-223.0	4.029
1384135870142	-223.0	4.029
1384135870251	-223.0	4.029
1384135870358	-223.0	4.029
1384135870467	-223.0	4.029
1384135870600	-223.0	4.029
1384135870710	-223.0	4.027
1384135870817	-223.0	4.027
1384135870928	-223.0	4.027
1384135871035	-223.0	4.027
1384135871144	-223.0	4.027
1384135871257	-223.0	4.027
1384135871365	-223.0	4.027
1384135871473	-223.0	4.027
1384135871582	-223.0	4.027
1384135871690	-223.0	4.027
1384135871798	-223.0	4.03
1384135871955	-223.0	4.03
1384135872070	-223.0	4.03
1384135872180	-223.0	4.03
1384135872288	-223.0	4.03
1384135872398	-223.0	4.03
1384135872508	-223.0	4.03
1384135872616	-223.0	4.03
1384135872724	-209.0	4.024
1384135872846	-209.0	4.024
1384135872958	-209.0	4.024
1384135873075	-209.0	4.024
1384135873184	-209.0	4.024
1384135873293	-209.0	4.024
1384135873402	-209.0	4.024
1384135873532	-209.0	4.024
1384135873640	-209.0	4.024
1384135873749	-245.0	4.026
1384135873857	-245.0	4.026
1384135873964	-245.0	4.026
1384135874073	-245.0	4.026
1384135874180	-245.0	4.026
1384135874302	-245.0	4.026
1384135874414	-245.0	4.026
1384135874522	-245.0	4.026
1384135874631	-245.0	4.026
1384135874739	-212.0	4.026
1384135874848	-212.0	4.026
1384135874980	-212.0	4.026
1384135875090	-212.0	4.026
1384135875198	-212.0	4.026
1384135875308	-212.0	4.026
1384135875420	-212.0	4.026
1384135875530	-212.0	4.026
1384135875638	-212.0	4.026
1384135875767	-221.0	3.995
1384135875876	-221.0	3.995
1384135875984	-221.0	3.995
1384135876091	-221.0	3.995
1384135876199	-221.0	3.995
1384135876307	-221.0	3.995
1384135876420	-221.0	3.995
1384135876533	-221.0	3.995
1384135876641	-221.0	3.995
1384135876750	-208.0	4.013
1384135876859	-208.0	4.013
1384135877014	-208.0	4.013
1384135877121	-208.0	4.013
1384135877229	-208.0	4.013
1384135877342	-208.0	4.013
1384135877449	-208.0	4.013
1384135877557	-208.0	4.013
1384135877666	-208.0	4.013
1384135877775	-207.0	4.022
1384135877883	-207.0	4.022
1384135877992	-207.0	4.022
1384135878104	-207.0	4.022
1384135878213	-207.0	4.022
1384135878321	-207.0	4.022
1384135878429	-207.0	4.022
1384135878539	-207.0	4.022
1384135878648	-207.0	4.022
1384135878758	-213.0	4.024
1384135878881	-213.0	4.024
1384135878989	-213.0	4.024
1384135879098	-213.0	4.024
1384135879204	-213.0	4.024
1384135879312	-213.0	4.024
1384135879422	-213.0	4.024
1384135879532	-213.0	4.024
1384135879656	-213.0	4.024
1384135879764	-245.0	3.997
1384135879871	-245.0	3.997
1384135879980	-245.0	3.997
1384135880088	-245.0	3.997
1384135880196	-245.0	3.997
1384135880304	-245.0	3.997
1384135880424	-245.0	3.997
1384135880533	-245.0	3.997
1384135880648	-245.0	3.997
1384135880756	-205.0	4.024
1384135880864	-205.0	4.024
1384135880971	-205.0	4.024
1384135881079	-205.0	4.024
1384135881203	-205.0	4.024
1384135881311	-205.0	4.024
1384135881420	-205.0	4.024
1384135881528	-205.0	4.024
1384135881636	-205.0	4.024
1384135881744	-204.0	4.028
1384135881851	-204.0	4.028
1384135881978	-204.0	4.028
1384135882136	-204.0	4.028
1384135882247	-204.0	4.028
1384135882357	-204.0	4.028
1384135882465	-204.0	4.028
1384135882573	-204.0	4.028
1384135882699	-204.0	4.028
1384135882808	-228.0	4.029
1384135882915	-228.0	4.029
1384135883023	-228.0	4.029
1384135883132	-228.0	4.029
1384135883240	-228.0	4.029
1384135883348	-228.0	4.029
1384135883477	-228.0	4.029
1384135883585	-228.0	4.029
1384135883694	-228.0	4.029
1384135883802	-209.0	4.021
1384135883910	-209.0	4.021
1384135884018	-209.0	4.021
1384135884125	-209.0	4.021
1384135884247	-209.0	4.021
1384135884355	-209.0	4.021
1384135884463	-209.0	4.021
1384135884571	-209.0	4.021
1384135884679	-209.0	4.021
1384135884787	-207.0	4.02
1384135884895	-207.0	4.02
1384135885018	-207.0	4.02
1384135885126	-207.0	4.02
1384135885235	-207.0	4.02
1384135885343	-207.0	4.02
1384135885450	-207.0	4.02
1384135885559	-207.0	4.02
1384135885666	-207.0	4.02
1384135885778	-204.0	4.021
1384135885886	-204.0	4.021
1384135885995	-204.0	4.021
1384135886103	-204.0	4.021
1384135886211	-204.0	4.021
1384135886318	-204.0	4.021
1384135886426	-204.0	4.021
1384135886537	-204.0	4.021
1384135886646	-204.0	4.021
1384135886754	-209.0	4.012
1384135886863	-209.0	4.012
1384135886970	-209.0	4.012
1384135887079	-209.0	4.012
1384135887233	-209.0	4.012
1384135887366	-209.0	4.012
1384135887472	-209.0	4.012
1384135887580	-209.0	4.012
1384135887688	-209.0	4.012
1384135887796	-209.0	4.028
1384135887905	-209.0	4.028
1384135888013	-209.0	4.028
1384135888125	-209.0	4.028
1384135888233	-209.0	4.028
1384135888346	-209.0	4.028
1384135888454	-209.0	4.028
1384135888563	-209.0	4.028
1384135888676	-209.0	4.028
1384135888791	-228.0	4.024
1384135888900	-228.0	4.024
1384135889008	-228.0	4.024
1384135889117	-228.0	4.024
1384135889226	-228.0	4.024
1384135889333	-228.0	4.024
1384135889446	-228.0	4.024
1384135889570	-228.0	4.024
1384135889679	-228.0	4.024
1384135889788	-233.0	3.998
1384135889896	-233.0	3.998
1384135890004	-233.0	3.998
1384135890112	-233.0	3.998
1384135890221	-233.0	3.998
1384135890333	-233.0	3.998
1384135890443	-233.0	3.998
1384135890552	-233.0	3.998
1384135890660	-233.0	3.998
1384135890768	-229.0	4.011
1384135890875	-229.0	4.011
1384135890983	-229.0	4.011
1384135891096	-229.0	4.011
1384135891205	-229.0	4.011
1384135891312	-229.0	4.011
1384135891420	-229.0	4.011
1384135891528	-229.0	4.011
1384135891635	-229.0	4.011
1384135891744	-229.0	4.011
1384135891868	-228.0	4.012
1384135891978	-228.0	4.012
1384135892086	-228.0	4.012
1384135892194	-228.0	4.012
1384135892350	-228.0	4.012
1384135892458	-228.0	4.012
1384135892566	-228.0	4.012
1384135892679	-228.0	4.012
1384135892789	-231.0	4.012
1384135892898	-231.0	4.012
1384135893006	-231.0	4.012
1384135893113	-231.0	4.012
1384135893222	-231.0	4.012
1384135893330	-231.0	4.012
1384135893442	-231.0	4.012
1384135893551	-231.0	4.012
1384135893659	-231.0	4.012
1384135893768	-227.0	4.013
1384135893878	-227.0	4.013
1384135893989	-227.0	4.013
1384135894113	-227.0	4.013
1384135894221	-227.0	4.013
1384135894330	-227.0	4.013
1384135894438	-227.0	4.013
1384135894546	-227.0	4.013
1384135894654	-227.0	4.013
1384135894762	-227.0	3.993
1384135894875	-229.0	3.993
1384135894982	-229.0	3.993
1384135895092	-229.0	3.993
1384135895199	-229.0	3.993
1384135895309	-229.0	3.993
1384135895417	-229.0	3.993
1384135895525	-229.0	3.993
1384135895637	-229.0	3.993
1384135895745	-229.0	3.993
1384135895853	-208.0	4.024
1384135895960	-208.0	4.024
1384135896069	-208.0	4.024
1384135896176	-208.0	4.024
1384135896284	-208.0	4.024
1384135896397	-208.0	4.024
1384135896505	-208.0	4.024
1384135896613	-208.0	4.024
1384135896721	-208.0	4.024
1384135896830	-206.0	4.021
1384135896938	-206.0	4.021
1384135897045	-206.0	4.021
1384135897170	-206.0	4.021
1384135897277	-206.0	4.021
1384135897441	-206.0	4.021
1384135897551	-206.0	4.021
1384135897660	-206.0	4.021
1384135897769	-206.0	4.021
1384135897879	-206.0	4.021
1384135897994	-206.0	4.021
1384135898103	-206.0	4.021
1384135898211	-206.0	4.021
1384135898318	-206.0	4.021
1384135898426	-206.0	4.021
1384135898534	-206.0	4.021
1384135898642	-206.0	4.021
1384135898764	-206.0	4.021
1384135898874	-205.0	4.022
1384135898982	-205.0	4.022
1384135899090	-205.0	4.022
1384135899199	-205.0	4.022
1384135899307	-205.0	4.022
1384135899416	-205.0	4.022
1384135899528	-205.0	4.022
1384135899637	-205.0	4.022
1384135899745	-205.0	4.022
1384135899855	-205.0	4.015
1384135899963	-205.0	4.015
1384135900071	-205.0	4.015
1384135900179	-205.0	4.015
1384135900290	-205.0	4.015
1384135900398	-205.0	4.015
1384135900506	-205.0	4.015
1384135900618	-205.0	4.015
1384135900729	-205.0	4.015
1384135900838	-219.0	4.02
1384135900972	-219.0	4.02
1384135901082	-219.0	4.02
1384135901193	-219.0	4.02
1384135901300	-219.0	4.02
1384135901409	-219.0	4.02
1384135901518	-219.0	4.02
1384135901627	-219.0	4.02
1384135901755	-219.0	4.02
1384135901863	-209.0	4.008
1384135901975	-209.0	4.008
1384135902082	-209.0	4.008
1384135902190	-209.0	4.008
1384135902299	-209.0	4.008
1384135902407	-209.0	4.008
1384135902576	-209.0	4.008
1384135902684	-209.0	4.008
1384135902794	-208.0	4.015
1384135902901	-208.0	4.015
1384135903011	-208.0	4.015
1384135903120	-208.0	4.015
1384135903229	-208.0	4.015
1384135903343	-208.0	4.015
1384135903454	-208.0	4.015
1384135903562	-208.0	4.015
1384135903671	-208.0	4.015
1384135903780	-208.0	4.015
1384135903889	-204.0	4.015
1384135903998	-204.0	4.015
1384135904109	-204.0	4.015
1384135904218	-204.0	4.015
1384135904326	-204.0	4.015
1384135904435	-204.0	4.015
1384135904544	-204.0	4.015
1384135904652	-204.0	4.015
1384135904761	-204.0	4.015
1384135904875	-202.0	4.021
1384135904983	-202.0	4.021
1384135905090	-202.0	4.021
1384135905199	-202.0	4.021
1384135905308	-202.0	4.021
1384135905417	-202.0	4.021
1384135905525	-202.0	4.021
1384135905638	-202.0	4.021
1384135905746	-202.0	4.021
1384135905853	-210.0	4.015
1384135905963	-210.0	4.015
1384135906071	-210.0	4.015
1384135906179	-210.0	4.015
1384135906288	-210.0	4.015
1384135906400	-210.0	4.015
1384135906509	-210.0	4.015
1384135906618	-210.0	4.015
1384135906725	-210.0	4.015
1384135906833	-209.0	4.02
1384135906943	-209.0	4.02
1384135907050	-209.0	4.02
1384135907163	-209.0	4.02
1384135907270	-209.0	4.02
1384135907379	-209.0	4.02
1384135907488	-209.0	4.02
1384135907645	-209.0	4.02
1384135907753	-209.0	4.02
1384135907868	-205.0	4.016
1384135907976	-205.0	4.016
1384135908084	-205.0	4.016
1384135908192	-205.0	4.016
1384135908300	-205.0	4.016
1384135908408	-205.0	4.016
1384135908517	-205.0	4.016
1384135908629	-205.0	4.016
1384135908739	-205.0	4.016
1384135908847	-233.0	3.989
1384135908955	-233.0	3.989
1384135909063	-233.0	3.989
1384135909170	-233.0	3.989
1384135909279	-233.0	3.989
1384135909391	-233.0	3.989
1384135909499	-233.0	3.989
1384135909607	-233.0	3.989
1384135909715	-233.0	3.989
1384135909824	-224.0	4.017
1384135909932	-224.0	4.017
1384135910040	-224.0	4.017
1384135910147	-224.0	4.017
1384135910269	-224.0	4.017
1384135910378	-224.0	4.017
1384135910489	-224.0	4.017
1384135910599	-224.0	4.017
1384135910707	-224.0	4.017
1384135910815	-206.0	4.019
1384135910925	-206.0	4.019
1384135911037	-206.0	4.019
1384135911147	-206.0	4.019
1384135911255	-206.0	4.019
1384135911364	-206.0	4.019
1384135911472	-206.0	4.019
1384135911582	-206.0	4.019
1384135911690	-206.0	4.019
1384135911803	-206.0	4.016
1384135911911	-207.0	4.016
1384135912019	-207.0	4.016
1384135912128	-207.0	4.016
1384135912237	-207.0	4.016
1384135912347	-207.0	4.016
1384135912474	-207.0	4.016
1384135912585	-207.0	4.016
1384135912740	-207.0	4.016
1384135912849	-234.0	4.008
1384135912956	-234.0	4.008
1384135913067	-234.0	4.008
1384135913175	-234.0	4.008
1384135913303	-234.0	4.008
1384135913410	-234.0	4.008
1384135913519	-234.0	4.008
1384135913628	-234.0	4.008
1384135913736	-234.0	4.008
1384135913846	-213.0	3.995
1384135913953	-213.0	3.995
1384135914067	-213.0	3.995
1384135914175	-213.0	3.995
1384135914284	-213.0	3.995
1384135914392	-213.0	3.995
1384135914501	-213.0	3.995
1384135914610	-213.0	3.995
1384135914718	-213.0	3.995
1384135914842	-204.0	4.017
1384135914950	-204.0	4.017
1384135915058	-204.0	4.017
1384135915166	-204.0	4.017
1384135915273	-204.0	4.017
1384135915381	-204.0	4.017
1384135915488	-204.0	4.017
1384135915600	-204.0	4.017
1384135915709	-204.0	4.017
1384135915816	-205.0	4.007
1384135915926	-205.0	4.007
1384135916035	-205.0	4.007
1384135916143	-205.0	4.007
1384135916250	-205.0	4.007
1384135916362	-205.0	4.007
1384135916470	-205.0	4.007
1384135916578	-205.0	4.007
1384135916686	-205.0	4.007
1384135916794	-205.0	4.007
1384135916902	-204.0	4.016
1384135917011	-204.0	4.016
1384135917134	-204.0	4.016
1384135917243	-204.0	4.016
1384135917352	-204.0	4.016
1384135917459	-204.0	4.016
1384135917568	-204.0	4.016
1384135917675	-204.0	4.016
1384135917828	-226.0	4.017
1384135917937	-226.0	4.017
1384135918044	-226.0	4.017
1384135918151	-226.0	4.017
1384135918260	-226.0	4.017
1384135918368	-226.0	4.017
1384135918499	-226.0	4.017
1384135918610	-226.0	4.017
1384135918718	-226.0	4.017
1384135918826	-218.0	3.988
1384135918934	-218.0	3.988
1384135919041	-218.0	3.988
1384135919149	-218.0	3.988
1384135919280	-218.0	3.988
1384135919389	-218.0	3.988
1384135919497	-218.0	3.988
1384135919605	-218.0	3.988
1384135919713	-218.0	3.988
1384135919825	-229.0	4.011
1384135919933	-229.0	4.011
1384135920049	-229.0	4.011
1384135920160	-229.0	4.011
1384135920270	-229.0	4.011
1384135920377	-229.0	4.011
1384135920486	-229.0	4.011
1384135920595	-229.0	4.011
1384135920703	-229.0	4.011
1384135920827	-229.0	4.009
1384135920936	-227.0	4.009
1384135921043	-227.0	4.009
1384135921153	-227.0	4.009
1384135921260	-227.0	4.009
1384135921370	-227.0	4.009
1384135921478	-227.0	4.009
1384135921600	-227.0	4.009
1384135921710	-227.0	4.009
1384135921817	-227.0	4.009
1384135921925	-225.0	3.997
1384135922034	-225.0	3.997
1384135922143	-225.0	3.997
1384135922254	-225.0	3.997
1384135922377	-225.0	3.997
1384135922486	-225.0	3.997
1384135922594	-225.0	3.997
1384135922702	-225.0	3.997
1384135922810	-225.0	3.997
1384135922968	-259.0	4.004
1384135923104	-259.0	4.004
1384135923213	-259.0	4.004
1384135923320	-259.0	4.004
1384135923428	-259.0	4.004
1384135923537	-259.0	4.004
1384135923650	-259.0	4.004
1384135923758	-259.0	4.004
1384135923888	-281.0	3.981
1384135923997	-281.0	3.981
1384135924105	-281.0	3.981
1384135924213	-281.0	3.981
1384135924322	-281.0	3.981
1384135924430	-281.0	3.981
1384135924538	-281.0	3.981
1384135924651	-281.0	3.981
1384135924759	-281.0	3.981
1384135924867	-229.0	3.996
1384135924975	-229.0	3.996
1384135925083	-229.0	3.996
1384135925192	-229.0	3.996
1384135925300	-229.0	3.996
1384135925412	-229.0	3.996
1384135925522	-229.0	3.996
1384135925630	-229.0	3.996
1384135925738	-229.0	3.996
1384135925850	-206.0	4.013
1384135925958	-206.0	4.013
1384135926066	-206.0	4.013
1384135926179	-206.0	4.013
1384135926287	-206.0	4.013
1384135926395	-206.0	4.013
1384135926505	-206.0	4.013
1384135926613	-206.0	4.013
1384135926721	-206.0	4.013
1384135926831	-206.0	4.011
1384135926955	-204.0	4.011
1384135927063	-204.0	4.011
1384135927172	-204.0	4.011
1384135927279	-204.0	4.011
1384135927387	-204.0	4.011
1384135927496	-204.0	4.011
1384135927604	-204.0	4.011
1384135927715	-204.0	4.011
1384135927823	-204.0	4.011
1384135927932	-205.0	4.016
1384135928085	-205.0	4.016
1384135928193	-205.0	4.016
1384135928301	-205.0	4.016
1384135928408	-205.0	4.016
1384135928533	-205.0	4.016
1384135928641	-205.0	4.016
1384135928753	-205.0	4.016
1384135928861	-205.0	4.015
1384135928969	-205.0	4.015
1384135929079	-205.0	4.015
1384135929186	-205.0	4.015
1384135929300	-205.0	4.015
1384135929409	-205.0	4.015
1384135929518	-205.0	4.015
1384135929626	-205.0	4.015
1384135929733	-205.0	4.015
1384135929841	-211.0	4.013
1384135929965	-211.0	4.013
1384135930074	-211.0	4.013
1384135930183	-211.0	4.013
1384135930291	-211.0	4.013
1384135930400	-211.0	4.013
1384135930507	-211.0	4.013
1384135930615	-211.0	4.013
1384135930728	-211.0	4.013
1384135930836	-211.0	4.013
1384135930946	-222.0	3.99
1384135931053	-222.0	3.99
1384135931161	-222.0	3.99
1384135931269	-222.0	3.99
1384135931376	-222.0	3.99
1384135931506	-222.0	3.99
1384135931617	-222.0	3.99
1384135931725	-222.0	3.99
1384135931832	-222.0	3.99
1384135931940	-207.0	4.015
1384135932048	-207.0	4.015
1384135932155	-207.0	4.015
1384135932267	-207.0	4.015
1384135932378	-207.0	4.015
1384135932487	-207.0	4.015
1384135932594	-207.0	4.015
1384135932703	-207.0	4.015
1384135932811	-207.0	4.015
1384135932918	-206.0	4.011
1384135933043	-206.0	4.011
1384135933198	-206.0	4.011
1384135933309	-206.0	4.011
1384135933416	-206.0	4.011
1384135933525	-206.0	4.011
1384135933633	-206.0	4.011
1384135933741	-206.0	4.011
1384135933852	-202.0	4.013
1384135933961	-202.0	4.013
1384135934069	-202.0	4.013
1384135934176	-202.0	4.013
1384135934284	-202.0	4.013
1384135934392	-202.0	4.013
1384135934500	-202.0	4.013
1384135934624	-202.0	4.013
1384135934733	-202.0	4.013
1384135934841	-202.0	4.013
1384135934948	-209.0	4.001
1384135935056	-209.0	4.001
1384135935164	-209.0	4.001
1384135935272	-209.0	4.001
1384135935392	-209.0	4.001
1384135935500	-209.0	4.001
1384135935609	-209.0	4.001
1384135935717	-209.0	4.001
1384135935826	-209.0	4.001
1384135935933	-230.0	4.009
1384135936047	-230.0	4.009
1384135936155	-230.0	4.009
1384135936264	-230.0	4.009
1384135936372	-230.0	4.009
1384135936480	-230.0	4.009
1384135936588	-230.0	4.009
1384135936696	-230.0	4.009
1384135936811	-230.0	4.009
1384135936919	-208.0	4.01
1384135937027	-208.0	4.01
1384135937135	-208.0	4.01
1384135937242	-208.0	4.01
1384135937350	-208.0	4.01
1384135937458	-208.0	4.01
1384135937570	-208.0	4.01
1384135937679	-208.0	4.01
1384135937787	-208.0	4.01
1384135937895	-205.0	4.006
1384135938008	-205.0	4.006
1384135938115	-205.0	4.006
1384135938270	-205.0	4.006
1384135938399	-205.0	4.006
1384135938507	-205.0	4.006
1384135938615	-205.0	4.006
1384135938723	-205.0	4.006
1384135938830	-205.0	4.006
1384135938939	-206.0	4.01
1384135939046	-206.0	4.01
1384135939170	-206.0	4.01
1384135939278	-206.0	4.01
1384135939386	-206.0	4.01
1384135939495	-206.0	4.01
1384135939603	-206.0	4.01
1384135939711	-206.0	4.01
1384135939819	-206.0	4.01
1384135939947	-208.0	4.009
1384135940055	-208.0	4.009
1384135940163	-208.0	4.009
1384135940272	-208.0	4.009
1384135940379	-208.0	4.009
1384135940488	-208.0	4.009
1384135940611	-208.0	4.009
1384135940720	-208.0	4.009
1384135940829	-208.0	4.009
1384135940936	-225.0	4.011
1384135941045	-225.0	4.011
1384135941152	-225.0	4.011
1384135941260	-225.0	4.011
1384135941390	-225.0	4.011
1384135941497	-225.0	4.011
1384135941605	-225.0	4.011
1384135941713	-225.0	4.011
1384135941822	-225.0	4.011
1384135941930	-205.0	4.01
1384135942037	-205.0	4.01
1384135942164	-205.0	4.01
1384135942273	-205.0	4.01
1384135942381	-205.0	4.01
1384135942491	-205.0	4.01
1384135942599	-205.0	4.01
1384135942707	-205.0	4.01
1384135942814	-205.0	4.01
1384135942928	-205.0	4.014
1384135943036	-205.0	4.014
1384135943144	-205.0	4.014
1384135943254	-205.0	4.014
1384135943404	-205.0	4.014
1384135943512	-205.0	4.014
1384135943620	-205.0	4.014
1384135943734	-205.0	4.014
1384135943842	-205.0	4.014
1384135943950	-209.0	4.003
1384135944058	-209.0	4.003
1384135944165	-209.0	4.003
1384135944274	-209.0	4.003
1384135944381	-209.0	4.003
1384135944503	-209.0	4.003
1384135944612	-209.0	4.003
1384135944720	-209.0	4.003
1384135944828	-209.0	4.003
1384135944935	-206.0	4.01
1384135945043	-206.0	4.01
1384135945166	-206.0	4.01
1384135945283	-206.0	4.01
1384135945391	-206.0	4.01
1384135945499	-206.0	4.01
1384135945606	-206.0	4.01
1384135945714	-206.0	4.01
1384135945826	-206.0	4.01
1384135945938	-243.0	4.011
1384135946046	-243.0	4.011
1384135946154	-243.0	4.011
1384135946262	-243.0	4.011
1384135946370	-243.0	4.011
1384135946478	-243.0	4.011
1384135946590	-243.0	4.011
1384135946699	-243.0	4.011
1384135946808	-243.0	4.011
1384135946955	-206.0	4.007
1384135947065	-206.0	4.007
1384135947172	-206.0	4.007
1384135947279	-206.0	4.007
1384135947394	-206.0	4.007
1384135947502	-206.0	4.007
1384135947610	-206.0	4.007
1384135947718	-206.0	4.007
1384135947826	-206.0	4.007
1384135947934	-207.0	4.0
1384135948042	-207.0	4.0
1384135948155	-207.0	4.0
1384135948262	-207.0	4.0
1384135948372	-207.0	4.0
1384135948531	-207.0	4.0
1384135948640	-207.0	4.0
1384135948747	-207.0	4.0
1384135948857	-207.0	4.0
1384135948969	-207.0	4.014
1384135949079	-207.0	4.014
1384135949186	-207.0	4.014
1384135949296	-207.0	4.014
1384135949404	-207.0	4.014
1384135949514	-207.0	4.014
1384135949621	-207.0	4.014
1384135949734	-207.0	4.014
1384135949843	-207.0	4.014
1384135949954	-226.0	4.001
1384135950063	-226.0	4.001
1384135950170	-226.0	4.001
1384135950278	-226.0	4.001
1384135950386	-226.0	4.001
1384135950499	-226.0	4.001
1384135950607	-226.0	4.001
1384135950716	-226.0	4.001
1384135950823	-226.0	4.001
1384135950931	-228.0	4.0
1384135951039	-228.0	4.0
1384135951147	-228.0	4.0
1384135951271	-228.0	4.0
1384135951380	-228.0	4.0
1384135951488	-228.0	4.0
1384135951597	-228.0	4.0
1384135951705	-228.0	4.0
1384135951812	-228.0	4.0
1384135951920	-228.0	4.002
1384135952032	-228.0	4.002
1384135952141	-228.0	4.002
1384135952249	-228.0	4.002
1384135952357	-228.0	4.002
1384135952465	-228.0	4.002
1384135952573	-228.0	4.002
1384135952681	-228.0	4.002
1384135952792	-228.0	4.002
1384135952901	-231.0	3.999
1384135953009	-231.0	3.999
1384135953118	-231.0	3.999
1384135953226	-231.0	3.999
1384135953333	-231.0	3.999
1384135953441	-231.0	3.999
1384135953609	-231.0	3.999
1384135953719	-231.0	3.999
1384135953827	-231.0	3.999
1384135953935	-231.0	4.0
1384135954043	-231.0	4.0
1384135954151	-231.0	4.0
1384135954260	-231.0	4.0
1384135954372	-231.0	4.0
1384135954483	-231.0	4.0
1384135954591	-231.0	4.0
1384135954700	-231.0	4.0
1384135954808	-231.0	4.0
1384135954916	-207.0	4.004
1384135955029	-207.0	4.004
1384135955137	-207.0	4.004
1384135955246	-207.0	4.004
1384135955354	-207.0	4.004
1384135955462	-207.0	4.004
1384135955570	-207.0	4.004
1384135955678	-207.0	4.004
1384135955790	-207.0	4.004
1384135955898	-231.0	3.992
1384135956007	-231.0	3.992
1384135956115	-231.0	3.992
1384135956223	-231.0	3.992
1384135956331	-231.0	3.992
1384135956438	-231.0	3.992
1384135956561	-231.0	3.992
1384135956669	-231.0	3.992
1384135956779	-231.0	3.992
1384135956887	-231.0	3.992
1384135956995	-207.0	4.012
1384135957104	-207.0	4.012
1384135957211	-207.0	4.012
1384135957342	-207.0	4.012
1384135957450	-207.0	4.012
1384135957559	-207.0	4.012
1384135957667	-207.0	4.012
1384135957775	-207.0	4.012
1384135957883	-207.0	4.012
1384135957990	-206.0	4.01
1384135958118	-206.0	4.01
1384135958227	-206.0	4.01
1384135958336	-206.0	4.01
1384135958444	-206.0	4.01
1384135958552	-206.0	4.01
1384135958710	-206.0	4.01
1384135958818	-206.0	4.01
1384135958944	-203.0	4.007
1384135959052	-203.0	4.007
1384135959160	-203.0	4.007
1384135959269	-203.0	4.007
1384135959376	-203.0	4.007
1384135959484	-203.0	4.007
1384135959592	-203.0	4.007
1384135959724	-203.0	4.007
1384135959831	-203.0	4.007
1384135959940	-207.0	3.997
1384135960048	-207.0	3.997
1384135960156	-207.0	3.997
1384135960264	-207.0	3.997
1384135960371	-207.0	3.997
1384135960500	-207.0	3.997
1384135960609	-207.0	3.997
1384135960716	-207.0	3.997
1384135960825	-207.0	3.997
1384135960932	-221.0	4.002
1384135961040	-221.0	4.002
1384135961148	-221.0	4.002
1384135961280	-221.0	4.002
1384135961389	-221.0	4.002
1384135961497	-221.0	4.002
1384135961610	-221.0	4.002
1384135961718	-221.0	4.002
1384135961826	-221.0	4.002
1384135961933	-208.0	4.005
1384135962046	-208.0	4.005
1384135962154	-208.0	4.005
1384135962262	-208.0	4.005
1384135962370	-208.0	4.005
1384135962478	-208.0	4.005
1384135962586	-208.0	4.005
1384135962693	-208.0	4.005
1384135962806	-208.0	4.005
1384135962914	-209.0	4.01
1384135963021	-209.0	4.01
1384135963130	-209.0	4.01
1384135963237	-209.0	4.01
1384135963345	-209.0	4.01
1384135963453	-209.0	4.01
1384135963564	-209.0	4.01
1384135963673	-209.0	4.01
1384135963828	-209.0	4.01
1384135963935	-209.0	4.005
1384135964043	-209.0	4.005
1384135964151	-209.0	4.005
1384135964264	-209.0	4.005
1384135964373	-209.0	4.005
1384135964481	-209.0	4.005
1384135964590	-209.0	4.005
1384135964699	-209.0	4.005
1384135964807	-209.0	4.005
1384135964915	-229.0	4.01
1384135965039	-229.0	4.01
1384135965148	-229.0	4.01
1384135965255	-229.0	4.01
1384135965363	-229.0	4.01
1384135965471	-229.0	4.01
1384135965578	-229.0	4.01
1384135965686	-229.0	4.01
1384135965799	-229.0	4.01
1384135965907	-229.0	4.01
1384135966015	-210.0	4.009
1384135966123	-210.0	4.009
1384135966231	-210.0	4.009
1384135966338	-210.0	4.009
1384135966446	-210.0	4.009
1384135966558	-210.0	4.009
1384135966668	-210.0	4.009
1384135966776	-210.0	4.009
1384135966885	-210.0	4.009
1384135966993	-203.0	4.008
1384135967101	-203.0	4.008
1384135967209	-203.0	4.008
1384135967321	-203.0	4.008
1384135967430	-203.0	4.008
1384135967539	-203.0	4.008
1384135967646	-203.0	4.008
1384135967754	-203.0	4.008
1384135967863	-203.0	4.008
1384135967971	-204.0	4.009
1384135968082	-204.0	4.009
1384135968192	-204.0	4.009
1384135968300	-204.0	4.009
1384135968407	-204.0	4.009
1384135968515	-204.0	4.009
1384135968622	-204.0	4.009
1384135968730	-204.0	4.009
1384135968896	-204.0	4.009
1384135969005	-207.0	4.008
1384135969114	-207.0	4.008
1384135969221	-207.0	4.008
1384135969329	-207.0	4.008
1384135969437	-207.0	4.008
1384135969545	-207.0	4.008
1384135969673	-207.0	4.008
1384135969782	-207.0	4.008
1384135969890	-207.0	4.008
1384135969998	-210.0	3.999
1384135970108	-210.0	3.999
1384135970216	-210.0	3.999
1384135970323	-210.0	3.999
1384135970437	-210.0	3.999
1384135970546	-210.0	3.999
1384135970655	-210.0	3.999
1384135970763	-210.0	3.999
1384135970872	-210.0	3.999
1384135970979	-205.0	4.008
1384135971087	-205.0	4.008
1384135971199	-205.0	4.008
1384135971308	-205.0	4.008
1384135971416	-205.0	4.008
1384135971524	-205.0	4.008
1384135971632	-205.0	4.008
1384135971740	-205.0	4.008
1384135971848	-205.0	4.008
1384135971960	-205.0	4.006
1384135972069	-205.0	4.006
1384135972177	-205.0	4.006
1384135972284	-205.0	4.006
1384135972391	-205.0	4.006
1384135972499	-205.0	4.006
1384135972633	-205.0	4.006
1384135972742	-205.0	4.006
1384135972850	-205.0	4.006
1384135972962	-240.0	3.996
1384135973073	-240.0	3.996
1384135973182	-240.0	3.996
1384135973308	-240.0	3.996
1384135973420	-240.0	3.996
1384135973527	-240.0	3.996
1384135973637	-240.0	3.996
1384135973744	-240.0	3.996
1384135973852	-240.0	3.996
1384135974010	-260.0	3.956
1384135974136	-260.0	3.956
1384135974244	-260.0	3.956
1384135974352	-260.0	3.956
1384135974461	-260.0	3.956
1384135974568	-260.0	3.956
1384135974677	-260.0	3.956
1384135974785	-260.0	3.956
1384135974900	-260.0	3.956
1384135975008	-210.0	3.999
1384135975115	-210.0	3.999
1384135975224	-210.0	3.999
1384135975331	-210.0	3.999
1384135975439	-210.0	3.999
1384135975551	-210.0	3.999
1384135975660	-210.0	3.999
1384135975768	-210.0	3.999
1384135975876	-210.0	3.999
1384135975984	-230.0	3.961
1384135976092	-230.0	3.961
1384135976200	-230.0	3.961
1384135976312	-230.0	3.961
1384135976422	-230.0	3.961
1384135976530	-230.0	3.961
1384135976640	-230.0	3.961
1384135976751	-230.0	3.961
1384135976859	-230.0	3.961
1384135976967	-205.0	4.008
1384135977079	-205.0	4.008
1384135977187	-205.0	4.008
1384135977295	-205.0	4.008
1384135977403	-205.0	4.008
1384135977510	-205.0	4.008
1384135977619	-205.0	4.008
1384135977727	-205.0	4.008
1384135977839	-205.0	4.008
1384135977947	-207.0	4.004
1384135978056	-207.0	4.004
1384135978164	-207.0	4.004
1384135978272	-207.0	4.004
1384135978381	-207.0	4.004
1384135978505	-207.0	4.004
1384135978613	-207.0	4.004
1384135978721	-207.0	4.004
1384135978830	-207.0	4.004
1384135978939	-207.0	4.004
1384135979091	-231.0	4.006
1384135979200	-231.0	4.006
1384135979312	-231.0	4.006
1384135979422	-231.0	4.006
1384135979529	-231.0	4.006
1384135979638	-231.0	4.006
1384135979751	-231.0	4.006
1384135979861	-231.0	4.006
1384135979969	-229.0	3.997
1384135980082	-229.0	3.997
1384135980190	-229.0	3.997
1384135980298	-229.0	3.997
1384135980408	-229.0	3.997
1384135980516	-229.0	3.997
1384135980625	-229.0	3.997
1384135980732	-229.0	3.997
1384135980852	-229.0	3.997
1384135980960	-230.0	3.985
1384135981070	-230.0	3.985
1384135981177	-230.0	3.985
1384135981287	-230.0	3.985
1384135981395	-230.0	3.985
1384135981504	-230.0	3.985
1384135981629	-230.0	3.985
1384135981738	-230.0	3.985
1384135981847	-230.0	3.985
1384135981955	-225.0	3.994
1384135982065	-225.0	3.994
1384135982172	-225.0	3.994
1384135982279	-225.0	3.994
1384135982406	-225.0	3.994
1384135982514	-225.0	3.994
1384135982623	-225.0	3.994
1384135982731	-225.0	3.994
1384135982841	-225.0	3.994
1384135982949	-225.0	3.994
1384135983058	-241.0	3.993
1384135983186	-241.0	3.993
1384135983294	-241.0	3.993
1384135983403	-241.0	3.993
1384135983511	-241.0	3.993
1384135983619	-241.0	3.993
1384135983729	-241.0	3.993
1384135983837	-241.0	3.993
1384135983950	-241.0	3.993
1384135984058	-236.0	3.996
1384135984232	-236.0	3.996
1384135984340	-236.0	3.996
1384135984448	-236.0	3.996
1384135984555	-236.0	3.996
1384135984675	-236.0	3.996
1384135984783	-236.0	3.996
1384135984891	-236.0	3.996
1384135984999	-245.0	3.995
1384135985108	-245.0	3.995
1384135985215	-245.0	3.995
1384135985323	-245.0	3.995
1384135985448	-245.0	3.995
1384135985560	-245.0	3.995
1384135985669	-245.0	3.995
1384135985776	-245.0	3.995
1384135985884	-245.0	3.995
1384135985992	-228.0	3.968
1384135986099	-228.0	3.968
1384135986228	-228.0	3.968
1384135986336	-228.0	3.968
1384135986445	-228.0	3.968
1384135986553	-228.0	3.968
1384135986662	-228.0	3.968
1384135986773	-228.0	3.968
1384135986881	-228.0	3.968
1384135987009	-208.0	4.004
1384135987117	-208.0	4.004
1384135987229	-208.0	4.004
1384135987338	-208.0	4.004
1384135987447	-208.0	4.004
1384135987555	-208.0	4.004
1384135987687	-208.0	4.004
1384135987798	-208.0	4.004
1384135987908	-208.0	4.004
1384135988015	-249.0	3.992
1384135988123	-249.0	3.992
1384135988233	-249.0	3.992
1384135988340	-249.0	3.992
1384135988452	-249.0	3.992
1384135988562	-249.0	3.992
1384135988671	-249.0	3.992
1384135988778	-249.0	3.992
1384135988887	-249.0	3.992
1384135988997	-209.0	3.997
1384135989119	-209.0	3.997
1384135989227	-209.0	3.997
1384135989381	-209.0	3.997
1384135989488	-209.0	3.997
1384135989596	-209.0	3.997
1384135989704	-209.0	3.997
1384135989813	-209.0	3.997
1384135989926	-209.0	3.997
1384135990034	-240.0	4.004
1384135990142	-240.0	4.004
1384135990250	-240.0	4.004
1384135990358	-240.0	4.004
1384135990466	-240.0	4.004
1384135990594	-240.0	4.004
1384135990702	-240.0	4.004
1384135990810	-240.0	4.004
1384135990918	-240.0	4.004
1384135991028	-235.0	3.962
1384135991137	-235.0	3.962
1384135991245	-235.0	3.962
1384135991374	-235.0	3.962
1384135991482	-235.0	3.962
1384135991590	-235.0	3.962
1384135991698	-235.0	3.962
1384135991806	-235.0	3.962
1384135991914	-235.0	3.962
1384135992022	-210.0	4.001
1384135992136	-210.0	4.001
1384135992245	-210.0	4.001
1384135992355	-210.0	4.001
1384135992462	-210.0	4.001
1384135992571	-210.0	4.001
1384135992681	-210.0	4.001
1384135992789	-210.0	4.001
1384135992915	-210.0	4.001
1384135993023	-225.0	4.001
1384135993134	-225.0	4.001
1384135993241	-225.0	4.001
1384135993350	-225.0	4.001
1384135993460	-225.0	4.001
1384135993567	-225.0	4.001
1384135993688	-225.0	4.001
1384135993800	-225.0	4.001
1384135993909	-225.0	4.001
1384135994020	-207.0	4.002
1384135994129	-207.0	4.002
1384135994240	-207.0	4.002
1384135994348	-207.0	4.002
1384135994525	-207.0	4.002
1384135994634	-207.0	4.002
1384135994742	-207.0	4.002
1384135994849	-207.0	4.002
1384135994959	-207.0	4.002
1384135995066	-207.0	4.003
1384135995176	-207.0	4.003
1384135995294	-207.0	4.003
1384135995403	-207.0	4.003
1384135995511	-207.0	4.003
1384135995620	-207.0	4.003
1384135995728	-207.0	4.003
1384135995839	-207.0	4.003
1384135995947	-207.0	4.003
1384135996060	-206.0	4.004
1384135996168	-206.0	4.004
1384135996277	-206.0	4.004
1384135996385	-206.0	4.004
1384135996492	-206.0	4.004
1384135996601	-206.0	4.004
1384135996709	-206.0	4.004
1384135996821	-206.0	4.004
1384135996929	-206.0	4.004
1384135997038	-207.0	3.998
1384135997145	-207.0	3.998
1384135997253	-207.0	3.998
1384135997362	-207.0	3.998
1384135997471	-207.0	3.998
1384135997585	-207.0	3.998
1384135997693	-207.0	3.998
1384135997803	-207.0	3.998
1384135997927	-207.0	3.998
1384135998042	-219.0	4.005
1384135998147	-219.0	4.005
1384135998269	-219.0	4.005
1384135998380	-219.0	4.005
1384135998487	-219.0	4.005
1384135998596	-219.0	4.005
1384135998705	-219.0	4.005
1384135998814	-219.0	4.005
1384135998924	-219.0	4.005
1384135999046	-225.0	3.952
1384135999154	-225.0	3.952
1384135999262	-225.0	3.952
1384135999371	-225.0	3.952
1384135999479	-225.0	3.952
1384135999630	-225.0	3.952
1384135999739	-225.0	3.952
1384135999864	-225.0	3.952
1384135999972	-225.0	3.952
1384136000082	-213.0	3.993
1384136000192	-213.0	3.993
1384136000301	-213.0	3.993
1384136000409	-213.0	3.993
1384136000516	-213.0	3.993
1384136000639	-213.0	3.993
1384136000747	-213.0	3.993
1384136000855	-213.0	3.993
1384136000966	-213.0	3.993
1384136001073	-208.0	4.002
1384136001182	-208.0	4.002
1384136001290	-208.0	4.002
1384136001421	-208.0	4.002
1384136001528	-208.0	4.002
1384136001638	-208.0	4.002
1384136001746	-208.0	4.002
1384136001854	-208.0	4.002
1384136001965	-208.0	4.002
1384136002075	-208.0	4.001
1384136002202	-208.0	4.001
1384136002310	-208.0	4.001
1384136002418	-208.0	4.001
1384136002527	-208.0	4.001
1384136002635	-208.0	4.001
1384136002743	-208.0	4.001
1384136002850	-208.0	4.001
1384136002976	-208.0	4.001
1384136003085	-206.0	4.003
1384136003193	-206.0	4.003
1384136003301	-206.0	4.003
1384136003409	-206.0	4.003
1384136003517	-206.0	4.003
1384136003625	-206.0	4.003
1384136003748	-206.0	4.003
1384136003858	-206.0	4.003
1384136003966	-206.0	4.003
1384136004075	-205.0	3.997
1384136004184	-205.0	3.997
1384136004292	-205.0	3.997
1384136004399	-205.0	3.997
1384136004512	-205.0	3.997
1384136004621	-205.0	3.997
1384136004779	-205.0	3.997
1384136004888	-205.0	3.997
1384136004996	-205.0	3.997
1384136005104	-203.0	4.003
1384136005212	-203.0	4.003
1384136005326	-203.0	4.003
1384136005434	-203.0	4.003
1384136005542	-203.0	4.003
1384136005650	-203.0	4.003
1384136005758	-203.0	4.003
1384136005866	-203.0	4.003
1384136006029	-203.0	4.001
1384136006138	-210.0	4.001
1384136006247	-210.0	4.001
1384136006356	-210.0	4.001
1384136006464	-210.0	4.001
1384136006572	-210.0	4.001
1384136006679	-210.0	4.001
1384136006806	-210.0	4.001
1384136006916	-210.0	4.001
1384136007025	-222.0	3.965
1384136007133	-222.0	3.965
1384136007241	-222.0	3.965
1384136007350	-222.0	3.965
1384136007458	-222.0	3.965
1384136007581	-222.0	3.965
1384136007692	-222.0	3.965
1384136007800	-222.0	3.965
1384136007910	-222.0	3.965
1384136008018	-204.0	4.006
1384136008131	-204.0	4.006
1384136008238	-204.0	4.006
1384136008352	-204.0	4.006
1384136008462	-204.0	4.006
1384136008572	-204.0	4.006
1384136008681	-204.0	4.006
1384136008791	-204.0	4.006
1384136008902	-204.0	4.006
1384136009012	-212.0	4.002
1384136009127	-212.0	4.002
1384136009235	-212.0	4.002
1384136009343	-212.0	4.002
1384136009452	-212.0	4.002
1384136009561	-212.0	4.002
1384136009670	-212.0	4.002
1384136009779	-212.0	4.002
1384136009960	-212.0	4.002
1384136010070	-234.0	3.991
1384136010178	-234.0	3.991
1384136010286	-234.0	3.991
1384136010394	-234.0	3.991
1384136010503	-234.0	3.991
1384136010612	-234.0	3.991
1384136010743	-234.0	3.991
1384136010853	-234.0	3.991
1384136010962	-234.0	3.991
1384136011071	-232.0	3.989
1384136011179	-232.0	3.989
1384136011286	-232.0	3.989
1384136011397	-232.0	3.989
1384136011529	-232.0	3.989
1384136011637	-232.0	3.989
1384136011745	-232.0	3.989
1384136011855	-232.0	3.989
1384136011963	-232.0	3.989
1384136012074	-238.0	3.969
1384136012181	-238.0	3.969
1384136012319	-238.0	3.969
1384136012430	-238.0	3.969
1384136012537	-238.0	3.969
1384136012645	-238.0	3.969
1384136012754	-238.0	3.969
1384136012862	-238.0	3.969
1384136012971	-238.0	3.969
1384136013102	-240.0	3.989
1384136013211	-240.0	3.989
1384136013319	-240.0	3.989
1384136013429	-240.0	3.989
1384136013537	-240.0	3.989
1384136013645	-240.0	3.989
1384136013753	-240.0	3.989
1384136013883	-240.0	3.989
1384136013993	-240.0	3.989
1384136014101	-272.0	3.99
1384136014209	-272.0	3.99
1384136014317	-272.0	3.99
1384136014425	-272.0	3.99
1384136014533	-272.0	3.99
1384136014645	-272.0	3.99
1384136014754	-272.0	3.99
1384136014862	-272.0	3.99
1384136015014	-272.0	3.99
1384136015121	-212.0	3.974
1384136015229	-212.0	3.974
1384136015337	-212.0	3.974
1384136015459	-212.0	3.974
1384136015567	-212.0	3.974
1384136015676	-212.0	3.974
1384136015785	-212.0	3.974
1384136015894	-212.0	3.974
1384136016002	-212.0	3.974
1384136016126	-230.0	3.994
1384136016235	-230.0	3.994
1384136016342	-230.0	3.994
1384136016449	-230.0	3.994
1384136016557	-230.0	3.994
1384136016665	-230.0	3.994
1384136016773	-230.0	3.994
1384136016897	-230.0	3.994
1384136017004	-230.0	3.994
1384136017112	-209.0	4.005
1384136017220	-209.0	4.005
1384136017328	-209.0	4.005
1384136017436	-209.0	4.005
1384136017543	-209.0	4.005
1384136017674	-209.0	4.005
1384136017782	-209.0	4.005
1384136017889	-209.0	4.005
1384136017997	-209.0	4.005
1384136018104	-207.0	3.999
1384136018213	-207.0	3.999
1384136018322	-207.0	3.999
1384136018452	-207.0	3.999
1384136018561	-207.0	3.999
1384136018670	-207.0	3.999
1384136018777	-207.0	3.999
1384136018885	-207.0	3.999
1384136018992	-207.0	3.999
1384136019100	-209.0	3.996
1384136019227	-209.0	3.996
1384136019336	-209.0	3.996
1384136019444	-209.0	3.996
1384136019551	-209.0	3.996
1384136019660	-209.0	3.996
1384136019768	-209.0	3.996
1384136019878	-209.0	3.996
1384136020008	-209.0	3.996
1384136020162	-205.0	3.997
1384136020271	-205.0	3.997
1384136020381	-205.0	3.997
1384136020489	-205.0	3.997
1384136020598	-205.0	3.997
1384136020705	-205.0	3.997
1384136020829	-205.0	3.997
1384136020939	-205.0	3.997
1384136021047	-203.0	3.999
1384136021157	-203.0	3.999
1384136021264	-203.0	3.999
1384136021371	-203.0	3.999
1384136021481	-203.0	3.999
1384136021604	-203.0	3.999
1384136021713	-203.0	3.999
1384136021822	-203.0	3.999
1384136021929	-203.0	3.999
1384136022038	-220.0	4.003
1384136022146	-220.0	4.003
1384136022269	-220.0	4.003
1384136022378	-220.0	4.003
1384136022485	-220.0	4.003
1384136022594	-220.0	4.003
1384136022703	-220.0	4.003
1384136022810	-220.0	4.003
1384136022919	-220.0	4.003
1384136023047	-220.0	3.985
1384136023157	-212.0	3.985
1384136023265	-212.0	3.985
1384136023372	-212.0	3.985
1384136023482	-212.0	3.985
1384136023590	-212.0	3.985
1384136023697	-212.0	3.985
1384136023804	-212.0	3.985
1384136023908	-212.0	3.985
1384136024014	-212.0	3.985
1384136024124	-256.0	3.987
1384136024231	-256.0	3.987
1384136024339	-256.0	3.987
1384136024448	-256.0	3.987
1384136024571	-256.0	3.987
1384136024680	-256.0	3.987
1384136024791	-256.0	3.987
1384136024902	-256.0	3.987
1384136025010	-256.0	3.987
1384136025121	-209.0	3.995
1384136025271	-209.0	3.995
1384136025397	-209.0	3.995
1384136025506	-209.0	3.995
1384136025614	-209.0	3.995
1384136025722	-209.0	3.995
1384136025830	-209.0	3.995
1384136025937	-209.0	3.995
1384136026060	-229.0	3.998
1384136026169	-229.0	3.998
1384136026276	-229.0	3.998
1384136026385	-229.0	3.998
1384136026493	-229.0	3.998
1384136026603	-229.0	3.998
1384136026710	-229.0	3.998
1384136026823	-229.0	3.998
1384136026931	-229.0	3.998
1384136027040	-209.0	3.986
1384136027148	-209.0	3.986
1384136027256	-209.0	3.986
1384136027364	-209.0	3.986
1384136027471	-209.0	3.986
1384136027594	-209.0	3.986
1384136027702	-209.0	3.986
1384136027811	-209.0	3.986
1384136027919	-209.0	3.986
1384136028027	-209.0	3.986
1384136028135	-208.0	3.998
1384136028244	-208.0	3.998
1384136028368	-208.0	3.998
1384136028476	-208.0	3.998
1384136028583	-208.0	3.998
1384136028691	-208.0	3.998
1384136028799	-208.0	3.998
1384136028908	-208.0	3.998
1384136029015	-208.0	3.998
1384136029145	-209.0	3.994
1384136029254	-209.0	3.994
1384136029362	-209.0	3.994
1384136029470	-209.0	3.994
1384136029579	-209.0	3.994
1384136029688	-209.0	3.994
1384136029796	-209.0	3.994
1384136029926	-209.0	3.994
1384136030035	-209.0	3.994
1384136030144	-209.0	3.997
1384136030252	-209.0	3.997
1384136030404	-209.0	3.997
1384136030512	-209.0	3.997
1384136030621	-209.0	3.997
1384136030748	-209.0	3.997
1384136030857	-209.0	3.997
1384136030970	-209.0	3.997
1384136031078	-208.0	3.997
1384136031186	-208.0	3.997
1384136031295	-208.0	3.997
1384136031402	-208.0	3.997
1384136031518	-208.0	3.997
1384136031627	-208.0	3.997
1384136031736	-208.0	3.997
1384136031844	-208.0	3.997
1384136031952	-208.0	3.997
1384136032060	-208.0	3.996
1384136032168	-208.0	3.996
1384136032280	-208.0	3.996
1384136032388	-208.0	3.996
1384136032496	-208.0	3.996
1384136032604	-208.0	3.996
1384136032712	-208.0	3.996
1384136032820	-208.0	3.996
1384136032948	-208.0	3.996
1384136033057	-222.0	3.999
1384136033164	-222.0	3.999
1384136033273	-222.0	3.999
1384136033381	-222.0	3.999
1384136033489	-222.0	3.999
1384136033598	-222.0	3.999
1384136033711	-222.0	3.999
1384136033820	-222.0	3.999
1384136033928	-222.0	3.999
1384136034036	-222.0	3.999
1384136034146	-214.0	3.974
1384136034255	-214.0	3.974
1384136034367	-214.0	3.974
1384136034481	-214.0	3.974
1384136034590	-214.0	3.974
1384136034698	-214.0	3.974
1384136034806	-214.0	3.974
1384136034915	-214.0	3.974
1384136035023	-214.0	3.974
1384136035133	-206.0	4.005
1384136035258	-206.0	4.005
1384136035370	-206.0	4.005
1384136035526	-206.0	4.005
1384136035635	-206.0	4.005
1384136035746	-206.0	4.005
1384136035854	-206.0	4.005
1384136035962	-206.0	4.005
1384136036086	-204.0	3.998
1384136036196	-204.0	3.998
1384136036303	-204.0	3.998
1384136036413	-204.0	3.998
1384136036520	-204.0	3.998
1384136036628	-204.0	3.998
1384136036736	-204.0	3.998
1384136036860	-204.0	3.998
1384136036969	-204.0	3.998
1384136037077	-208.0	3.986
1384136037185	-208.0	3.986
1384136037293	-208.0	3.986
1384136037401	-208.0	3.986
1384136037510	-208.0	3.986
1384136037634	-208.0	3.986
1384136037742	-208.0	3.986
1384136037850	-208.0	3.986
1384136037958	-208.0	3.986
1384136038066	-204.0	4.0
1384136038175	-204.0	4.0
1384136038283	-204.0	4.0
1384136038407	-204.0	4.0
1384136038517	-204.0	4.0
1384136038625	-204.0	4.0
1384136038733	-204.0	4.0
1384136038841	-204.0	4.0
1384136038950	-204.0	4.0
1384136039059	-212.0	3.999
1384136039172	-212.0	3.999
1384136039281	-212.0	3.999
1384136039389	-212.0	3.999
1384136039497	-212.0	3.999
1384136039605	-212.0	3.999
1384136039714	-212.0	3.999
1384136039821	-212.0	3.999
1384136039933	-212.0	3.999
1384136040045	-212.0	3.999
1384136040153	-234.0	3.989
1384136040262	-234.0	3.989
1384136040370	-234.0	3.989
1384136040479	-234.0	3.989
1384136040631	-234.0	3.989
1384136040744	-234.0	3.989
1384136040852	-234.0	3.989
1384136040960	-234.0	3.989
1384136041068	-233.0	3.984
1384136041176	-233.0	3.984
1384136041284	-233.0	3.984
1384136041391	-233.0	3.984
1384136041504	-233.0	3.984
1384136041612	-233.0	3.984
1384136041721	-233.0	3.984
1384136041828	-233.0	3.984
1384136041936	-233.0	3.984
1384136042044	-233.0	3.984
1384136042152	-228.0	3.989
1384136042264	-228.0	3.989
1384136042372	-228.0	3.989
1384136042480	-228.0	3.989
1384136042587	-228.0	3.989
1384136042695	-228.0	3.989
1384136042803	-228.0	3.989
1384136042910	-228.0	3.989
1384136043034	-228.0	3.989
1384136043143	-240.0	3.988
1384136043252	-240.0	3.988
1384136043360	-240.0	3.988
1384136043468	-240.0	3.988
1384136043576	-240.0	3.988
1384136043684	-240.0	3.988
1384136043813	-240.0	3.988
1384136043922	-240.0	3.988
1384136044030	-240.0	3.988
1384136044138	-242.0	3.984
1384136044245	-242.0	3.984
1384136044353	-242.0	3.984
1384136044481	-242.0	3.984
1384136044591	-242.0	3.984
1384136044699	-242.0	3.984
1384136044815	-242.0	3.984
1384136044924	-242.0	3.984
1384136045032	-242.0	3.984
1384136045141	-220.0	3.966
1384136045266	-220.0	3.966
1384136045376	-220.0	3.966
1384136045483	-220.0	3.966
1384136045591	-220.0	3.966
1384136045747	-220.0	3.966
1384136045855	-220.0	3.966
1384136045963	-220.0	3.966
1384136046087	-208.0	3.994
1384136046195	-208.0	3.994
1384136046303	-208.0	3.994
1384136046410	-208.0	3.994
1384136046519	-208.0	3.994
1384136046627	-208.0	3.994
1384136046734	-208.0	3.994
1384136046864	-208.0	3.994
1384136046972	-208.0	3.994
1384136047082	-206.0	3.985
1384136047190	-206.0	3.985
1384136047298	-206.0	3.985
1384136047406	-206.0	3.985
1384136047515	-206.0	3.985
1384136047629	-206.0	3.985
1384136047738	-206.0	3.985
1384136047847	-206.0	3.985
1384136047956	-206.0	3.985
1384136048066	-206.0	3.985
1384136048173	-204.0	3.998
1384136048282	-204.0	3.998
1384136048407	-204.0	3.998
1384136048515	-204.0	3.998
1384136048625	-204.0	3.998
1384136048734	-204.0	3.998
1384136048843	-204.0	3.998
1384136048952	-204.0	3.998
1384136049061	-204.0	3.998
1384136049187	-203.0	3.997
1384136049297	-203.0	3.997
1384136049406	-203.0	3.997
1384136049515	-203.0	3.997
1384136049624	-203.0	3.997
1384136049732	-203.0	3.997
1384136049840	-203.0	3.997
1384136049967	-203.0	3.997
1384136050076	-209.0	3.997
1384136050184	-209.0	3.997
1384136050292	-209.0	3.997
1384136050400	-209.0	3.997
1384136050509	-209.0	3.997
1384136050617	-209.0	3.997
1384136050731	-209.0	3.997
1384136050888	-209.0	3.997
1384136050996	-209.0	3.997
1384136051105	-205.0	3.997
1384136051214	-205.0	3.997
1384136051324	-205.0	3.997
1384136051432	-205.0	3.997
1384136051546	-205.0	3.997
1384136051661	-205.0	3.997
1384136051769	-205.0	3.997
1384136051878	-205.0	3.997
1384136051988	-205.0	3.997
1384136052098	-209.0	3.991
1384136052208	-209.0	3.991
1384136052336	-209.0	3.991
1384136052447	-209.0	3.991
1384136052560	-209.0	3.991
1384136052669	-209.0	3.991
1384136052777	-209.0	3.991
1384136052886	-209.0	3.991
1384136052996	-209.0	3.991
1384136053127	-209.0	3.991
1384136053236	-209.0	3.991
1384136053347	-209.0	3.991
1384136053456	-209.0	3.991
1384136053568	-209.0	3.991
1384136053675	-209.0	3.991
1384136053790	-209.0	3.991
1384136053899	-209.0	3.991
1384136054007	-209.0	3.991
1384136054115	-241.0	3.981
1384136054224	-241.0	3.981
1384136054333	-241.0	3.981
1384136054442	-241.0	3.981
1384136054555	-241.0	3.981
1384136054664	-241.0	3.981
1384136054775	-241.0	3.981
1384136054883	-241.0	3.981
1384136054991	-241.0	3.981
1384136055099	-224.0	3.995
1384136055211	-224.0	3.995
1384136055320	-224.0	3.995
1384136055429	-224.0	3.995
1384136055537	-224.0	3.995
1384136055646	-224.0	3.995
1384136055756	-224.0	3.995
1384136055880	-224.0	3.995
1384136056036	-224.0	3.995
1384136056145	-238.0	3.993
1384136056254	-238.0	3.993
1384136056361	-238.0	3.993
1384136056469	-238.0	3.993
1384136056576	-238.0	3.993
1384136056689	-238.0	3.993
1384136056797	-238.0	3.993
1384136056905	-238.0	3.993
1384136057013	-238.0	3.993
1384136057121	-211.0	3.992
1384136057228	-211.0	3.992
1384136057336	-211.0	3.992
1384136057448	-211.0	3.992
1384136057556	-211.0	3.992
1384136057664	-211.0	3.992
1384136057772	-211.0	3.992
1384136057882	-211.0	3.992
1384136057990	-211.0	3.992
1384136058098	-208.0	3.99
1384136058227	-208.0	3.99
1384136058335	-208.0	3.99
1384136058443	-208.0	3.99
1384136058551	-208.0	3.99
1384136058658	-208.0	3.99
1384136058765	-208.0	3.99
1384136058873	-208.0	3.99
1384136058984	-208.0	3.99
1384136059095	-210.0	3.993
1384136059203	-210.0	3.993
1384136059313	-210.0	3.993
1384136059422	-210.0	3.993
1384136059530	-210.0	3.993
1384136059640	-210.0	3.993
1384136059762	-210.0	3.993
1384136059871	-210.0	3.993
1384136059978	-210.0	3.993
1384136060086	-210.0	3.993
1384136060194	-204.0	3.999
1384136060301	-204.0	3.999
1384136060410	-204.0	3.999
1384136060523	-204.0	3.999
1384136060633	-204.0	3.999
1384136060740	-204.0	3.999
1384136060850	-204.0	3.999
1384136060958	-204.0	3.999
1384136061117	-206.0	3.999
1384136061229	-206.0	3.999
1384136061364	-206.0	3.999
1384136061474	-206.0	3.999
1384136061583	-206.0	3.999
1384136061691	-206.0	3.999
1384136061799	-206.0	3.999
1384136061906	-206.0	3.999
1384136062019	-206.0	3.999
1384136062127	-232.0	3.997
1384136062236	-232.0	3.997
1384136062343	-232.0	3.997
1384136062450	-232.0	3.997
1384136062558	-232.0	3.997
1384136062668	-232.0	3.997
1384136062783	-232.0	3.997
1384136062891	-232.0	3.997
1384136062999	-232.0	3.997
1384136063107	-206.0	3.992
1384136063215	-206.0	3.992
1384136063323	-206.0	3.992
1384136063430	-206.0	3.992
1384136063556	-206.0	3.992
1384136063665	-206.0	3.992
1384136063773	-206.0	3.992
1384136063882	-206.0	3.992
1384136063989	-206.0	3.992
1384136064098	-206.0	3.992
1384136064206	-203.0	3.992
1384136064318	-203.0	3.992
1384136064426	-203.0	3.992
1384136064536	-203.0	3.992
1384136064644	-203.0	3.992
1384136064752	-203.0	3.992
1384136064860	-203.0	3.992
1384136064967	-203.0	3.992
1384136065080	-203.0	3.992
1384136065189	-205.0	3.993
1384136065298	-205.0	3.993
1384136065405	-205.0	3.993
1384136065513	-205.0	3.993
1384136065621	-205.0	3.993
1384136065745	-205.0	3.993
1384136065855	-205.0	3.993
1384136065966	-205.0	3.993
1384136066074	-205.0	3.993
1384136066233	-228.0	3.99
1384136066343	-228.0	3.99
1384136066450	-228.0	3.99
1384136066573	-228.0	3.99
1384136066682	-228.0	3.99
1384136066791	-228.0	3.99
1384136066899	-228.0	3.99
1384136067007	-228.0	3.99
1384136067114	-226.0	3.987
1384136067223	-226.0	3.987
1384136067334	-226.0	3.987
1384136067443	-226.0	3.987
1384136067550	-226.0	3.987
1384136067658	-226.0	3.987
1384136067766	-226.0	3.987
1384136067873	-226.0	3.987
1384136067981	-226.0	3.987
1384136068104	-226.0	3.987
1384136068212	-206.0	3.994
1384136068321	-206.0	3.994
1384136068428	-206.0	3.994
1384136068535	-206.0	3.994
1384136068643	-206.0	3.994
1384136068750	-206.0	3.994
1384136068872	-206.0	3.994
1384136068982	-206.0	3.994
1384136069089	-206.0	3.994
1384136069197	-216.0	3.989
1384136069307	-216.0	3.989
1384136069415	-216.0	3.989
1384136069525	-216.0	3.989
1384136069655	-216.0	3.989
1384136069766	-216.0	3.989
1384136069875	-216.0	3.989
1384136069984	-216.0	3.989
1384136070093	-216.0	3.989
1384136070200	-227.0	3.987
1384136070307	-227.0	3.987
1384136070420	-227.0	3.987
1384136070532	-227.0	3.987
1384136070640	-227.0	3.987
1384136070747	-227.0	3.987
1384136070855	-227.0	3.987
1384136070962	-227.0	3.987
1384136071069	-227.0	3.987
1384136071180	-263.0	3.975
1384136071334	-263.0	3.975
1384136071442	-263.0	3.975
1384136071550	-263.0	3.975
1384136071656	-263.0	3.975
1384136071764	-263.0	3.975
1384136071871	-263.0	3.975
1384136071983	-263.0	3.975
1384136072090	-263.0	3.975
1384136072198	-242.0	3.974
1384136072311	-242.0	3.974
1384136072417	-242.0	3.974
1384136072522	-242.0	3.974
1384136072628	-242.0	3.974
1384136072741	-242.0	3.974
1384136072851	-242.0	3.974
1384136072955	-242.0	3.974
1384136073061	-242.0	3.974
1384136073169	-324.0	3.969
1384136073276	-324.0	3.969
1384136073385	-324.0	3.969
1384136073514	-324.0	3.969
1384136073622	-324.0	3.969
1384136073730	-324.0	3.969
1384136073837	-324.0	3.969
1384136073944	-324.0	3.969
1384136074051	-324.0	3.969
1384136074159	-239.0	3.978
1384136074286	-239.0	3.978
1384136074393	-239.0	3.978
1384136074501	-239.0	3.978
1384136074608	-239.0	3.978
1384136074715	-239.0	3.978
1384136074825	-239.0	3.978
1384136074937	-239.0	3.978
1384136075061	-239.0	3.978
1384136075169	-210.0	3.984
1384136075276	-210.0	3.984
1384136075383	-210.0	3.984
1384136075491	-210.0	3.984
1384136075598	-210.0	3.984
1384136075705	-210.0	3.984
1384136075829	-210.0	3.984
1384136075936	-210.0	3.984
1384136076043	-210.0	3.984
1384136076151	-207.0	3.987
1384136076258	-207.0	3.987
1384136076412	-207.0	3.987
1384136076541	-207.0	3.987
1384136076648	-207.0	3.987
1384136076755	-207.0	3.987
1384136076862	-207.0	3.987
1384136076970	-207.0	3.987
1384136077078	-207.0	3.987
1384136077186	-233.0	3.989
1384136077311	-233.0	3.989
1384136077419	-233.0	3.989
1384136077527	-233.0	3.989
1384136077634	-233.0	3.989
1384136077741	-233.0	3.989
1384136077848	-233.0	3.989
1384136077956	-233.0	3.989
1384136078083	-233.0	3.989
1384136078191	-212.0	3.98
1384136078298	-212.0	3.98
1384136078406	-212.0	3.98
1384136078514	-212.0	3.98
1384136078621	-212.0	3.98
1384136078729	-212.0	3.98
1384136078858	-212.0	3.98
1384136078965	-212.0	3.98
1384136079073	-212.0	3.98
1384136079180	-208.0	3.986
1384136079287	-208.0	3.986
1384136079395	-208.0	3.986
1384136079502	-208.0	3.986
1384136079625	-208.0	3.986
1384136079734	-208.0	3.986
1384136079841	-208.0	3.986
1384136079948	-208.0	3.986
1384136080059	-208.0	3.986
1384136080167	-205.0	3.989
1384136080275	-205.0	3.989
1384136080399	-205.0	3.989
1384136080507	-205.0	3.989
1384136080615	-205.0	3.989
1384136080722	-205.0	3.989
1384136080831	-205.0	3.989
1384136080938	-205.0	3.989
1384136081045	-205.0	3.989
1384136081171	-207.0	3.988
1384136081279	-207.0	3.988
1384136081386	-207.0	3.988
1384136081538	-207.0	3.988
1384136081648	-207.0	3.988
1384136081757	-207.0	3.988
1384136081889	-207.0	3.988
1384136081998	-207.0	3.988
1384136082105	-207.0	3.988
1384136082214	-232.0	3.978
1384136082321	-232.0	3.978
1384136082428	-232.0	3.978
1384136082536	-232.0	3.978
1384136082647	-232.0	3.978
1384136082757	-232.0	3.978
1384136082864	-232.0	3.978
1384136082975	-232.0	3.978
1384136083082	-232.0	3.978
1384136083189	-209.0	3.989
1384136083298	-209.0	3.989
1384136083409	-209.0	3.989
1384136083519	-209.0	3.989
1384136083628	-209.0	3.989
1384136083738	-209.0	3.989
1384136083846	-209.0	3.989
1384136083955	-209.0	3.989
1384136084063	-209.0	3.989
1384136084194	-205.0	3.988
1384136084302	-205.0	3.988
1384136084409	-205.0	3.988
1384136084519	-205.0	3.988
1384136084627	-205.0	3.988
1384136084736	-205.0	3.988
1384136084843	-205.0	3.988
1384136084957	-205.0	3.988
1384136085066	-205.0	3.988
1384136085177	-208.0	3.977
1384136085284	-208.0	3.977
1384136085391	-208.0	3.977
1384136085499	-208.0	3.977
1384136085609	-208.0	3.977
1384136085732	-208.0	3.977
1384136085840	-208.0	3.977
1384136085947	-208.0	3.977
1384136086056	-208.0	3.977
1384136086163	-209.0	3.99
1384136086271	-209.0	3.99
1384136086378	-209.0	3.99
1384136086489	-209.0	3.99
1384136086646	-209.0	3.99
1384136086753	-209.0	3.99
1384136086867	-209.0	3.99
1384136086981	-209.0	3.99
1384136087088	-209.0	3.99
1384136087210	-228.0	3.993
1384136087318	-228.0	3.993
1384136087425	-228.0	3.993
1384136087533	-228.0	3.993
1384136087641	-228.0	3.993
1384136087748	-228.0	3.993
1384136087855	-228.0	3.993
1384136087980	-228.0	3.993
1384136088087	-228.0	3.993
1384136088196	-212.0	3.979
1384136088304	-212.0	3.979
1384136088410	-212.0	3.979
1384136088519	-212.0	3.979
1384136088626	-212.0	3.979
1384136088748	-212.0	3.979
1384136088856	-212.0	3.979
1384136088964	-212.0	3.979
1384136089072	-212.0	3.979
1384136089180	-206.0	3.994
1384136089288	-206.0	3.994
1384136089395	-206.0	3.994
1384136089520	-206.0	3.994
1384136089628	-206.0	3.994
1384136089735	-206.0	3.994
1384136089843	-206.0	3.994
1384136089950	-206.0	3.994
1384136090057	-206.0	3.994
1384136090165	-205.0	3.99
1384136090278	-205.0	3.99
1384136090387	-205.0	3.99
1384136090494	-205.0	3.99
1384136090602	-205.0	3.99
1384136090709	-205.0	3.99
1384136090817	-205.0	3.99
1384136090926	-205.0	3.99
1384136091040	-205.0	3.99
1384136091148	-209.0	3.987
1384136091255	-209.0	3.987
1384136091364	-209.0	3.987
1384136091471	-209.0	3.987
1384136091582	-209.0	3.987
1384136091732	-209.0	3.987
1384136091845	-209.0	3.987
1384136091952	-209.0	3.987
1384136092061	-209.0	3.987
1384136092169	-209.0	3.985
1384136092277	-209.0	3.985
1384136092386	-209.0	3.985
1384136092493	-209.0	3.985
1384136092611	-209.0	3.985
1384136092722	-209.0	3.985
1384136092829	-209.0	3.985
1384136092937	-209.0	3.985
1384136093045	-209.0	3.985
1384136093152	-228.0	3.988
1384136093259	-228.0	3.988
1384136093371	-228.0	3.988
1384136093479	-228.0	3.988
1384136093587	-228.0	3.988
1384136093694	-228.0	3.988
1384136093802	-228.0	3.988
1384136093916	-228.0	3.988
1384136094026	-228.0	3.988
1384136094138	-228.0	3.988
1384136094247	-209.0	3.986
1384136094355	-209.0	3.986
1384136094462	-209.0	3.986
1384136094569	-209.0	3.986
1384136094676	-209.0	3.986
1384136094785	-209.0	3.986
1384136094912	-209.0	3.986
1384136095020	-209.0	3.986
1384136095128	-209.0	3.986
1384136095235	-207.0	3.98
1384136095343	-207.0	3.98
1384136095451	-207.0	3.98
1384136095559	-207.0	3.98
1384136095686	-207.0	3.98
1384136095794	-207.0	3.98
1384136095901	-207.0	3.98
1384136096008	-207.0	3.98
1384136096115	-207.0	3.98
1384136096222	-207.0	3.991
1384136096331	-207.0	3.991
1384136096455	-207.0	3.991
1384136096563	-207.0	3.991
1384136096671	-207.0	3.991
1384136096827	-207.0	3.991
1384136096935	-207.0	3.991
1384136097042	-207.0	3.991
1384136097150	-207.0	3.991
1384136097261	-209.0	3.992
1384136097370	-209.0	3.992
1384136097477	-209.0	3.992
1384136097584	-209.0	3.992
1384136097691	-209.0	3.992
1384136097799	-209.0	3.992
1384136097910	-209.0	3.992
1384136098018	-209.0	3.992
1384136098127	-209.0	3.992
1384136098234	-228.0	3.989
1384136098345	-228.0	3.989
1384136098454	-228.0	3.989
1384136098586	-228.0	3.989
1384136098694	-228.0	3.989
1384136098803	-228.0	3.989
1384136098911	-228.0	3.989
1384136099018	-228.0	3.989
1384136099126	-228.0	3.989
1384136099257	-255.0	3.982
1384136099364	-255.0	3.982
1384136099472	-255.0	3.982
1384136099580	-255.0	3.982
1384136099688	-255.0	3.982
1384136099795	-255.0	3.982
1384136099901	-255.0	3.982
1384136100031	-255.0	3.982
1384136100138	-255.0	3.982
1384136100245	-246.0	3.979
1384136100355	-246.0	3.979
1384136100463	-246.0	3.979
1384136100574	-246.0	3.979
1384136100681	-246.0	3.979
1384136100794	-246.0	3.979
1384136100901	-246.0	3.979
1384136101009	-246.0	3.979
1384136101116	-246.0	3.979
1384136101223	-250.0	3.976
1384136101330	-250.0	3.976
1384136101437	-250.0	3.976
1384136101548	-250.0	3.976
1384136101656	-250.0	3.976
1384136101765	-250.0	3.976
1384136101923	-250.0	3.976
1384136102035	-250.0	3.976
1384136102142	-250.0	3.976
1384136102249	-241.0	3.979
1384136102373	-241.0	3.979
1384136102481	-241.0	3.979
1384136102588	-241.0	3.979
1384136102696	-241.0	3.979
1384136102803	-241.0	3.979
1384136102910	-241.0	3.979
1384136103017	-241.0	3.979
1384136103147	-241.0	3.979
1384136103257	-229.0	3.976
1384136103365	-229.0	3.976
1384136103474	-229.0	3.976
1384136103580	-229.0	3.976
1384136103688	-229.0	3.976
1384136103797	-229.0	3.976
1384136103923	-229.0	3.976
1384136104032	-229.0	3.976
1384136104139	-229.0	3.976
1384136104247	-241.0	3.972
1384136104356	-241.0	3.972
1384136104463	-241.0	3.972
1384136104596	-241.0	3.972
1384136104703	-241.0	3.972
1384136104811	-241.0	3.972
1384136104919	-241.0	3.972
1384136105026	-241.0	3.972
1384136105134	-241.0	3.972
1384136105242	-246.0	3.955
1384136105350	-246.0	3.955
1384136105458	-246.0	3.955
1384136105566	-246.0	3.955
1384136105673	-246.0	3.955
1384136105780	-246.0	3.955
1384136105887	-246.0	3.955
1384136106010	-246.0	3.955
1384136106119	-246.0	3.955
1384136106228	-235.0	3.982
1384136106338	-235.0	3.982
1384136106445	-235.0	3.982
1384136106554	-235.0	3.982
1384136106678	-235.0	3.982
1384136106785	-235.0	3.982
1384136106894	-235.0	3.982
1384136107044	-235.0	3.982
1384136107152	-235.0	3.982
1384136107260	-229.0	3.953
1384136107367	-229.0	3.953
1384136107480	-229.0	3.953
1384136107588	-229.0	3.953
1384136107697	-229.0	3.953
1384136107804	-229.0	3.953
1384136107911	-229.0	3.953
1384136108019	-229.0	3.953
1384136108126	-229.0	3.953
1384136108239	-207.0	3.986
1384136108347	-207.0	3.986
1384136108454	-207.0	3.986
1384136108561	-207.0	3.986
1384136108668	-207.0	3.986
1384136108777	-207.0	3.986
1384136108884	-207.0	3.986
1384136108996	-207.0	3.986
1384136109105	-207.0	3.986
1384136109212	-209.0	3.975
1384136109321	-209.0	3.975
1384136109433	-209.0	3.975
1384136109541	-209.0	3.975
1384136109664	-209.0	3.975
1384136109771	-209.0	3.975
1384136109879	-209.0	3.975
1384136109986	-209.0	3.975
1384136110094	-209.0	3.975
1384136110202	-232.0	3.987
1384136110311	-232.0	3.987
1384136110440	-232.0	3.987
1384136110548	-232.0	3.987
1384136110656	-232.0	3.987
1384136110763	-232.0	3.987
1384136110870	-232.0	3.987
1384136110978	-232.0	3.987
1384136111085	-232.0	3.987
1384136111215	-211.0	3.982
1384136111324	-211.0	3.982
1384136111431	-211.0	3.982
1384136111539	-211.0	3.982
1384136111645	-211.0	3.982
1384136111753	-211.0	3.982
1384136111862	-211.0	3.982
1384136111985	-211.0	3.982
1384136112140	-211.0	3.982
1384136112246	-213.0	3.969
1384136112350	-213.0	3.969
1384136112457	-213.0	3.969
1384136112565	-213.0	3.969
1384136112672	-213.0	3.969
1384136112801	-213.0	3.969
1384136112908	-213.0	3.969
1384136113016	-213.0	3.969
1384136113125	-213.0	3.969
1384136113232	-224.0	3.96
1384136113341	-224.0	3.96
1384136113468	-224.0	3.96
1384136113577	-224.0	3.96
1384136113684	-224.0	3.96
1384136113792	-224.0	3.96
1384136113899	-224.0	3.96
1384136114007	-224.0	3.96
1384136114114	-224.0	3.96
1384136114239	-217.0	3.955
1384136114347	-217.0	3.955
1384136114455	-217.0	3.955
1384136114564	-217.0	3.955
1384136114671	-217.0	3.955
1384136114779	-217.0	3.955
1384136114887	-217.0	3.955
1384136115009	-217.0	3.955
1384136115117	-217.0	3.955
1384136115225	-219.0	3.972
1384136115332	-219.0	3.972
1384136115442	-219.0	3.972
1384136115550	-219.0	3.972
1384136115657	-219.0	3.972
1384136115783	-219.0	3.972
1384136115891	-219.0	3.972
1384136115998	-219.0	3.972
1384136116114	-219.0	3.972
1384136116222	-287.0	3.948
1384136116330	-287.0	3.948
1384136116438	-287.0	3.948
1384136116563	-287.0	3.948
1384136116670	-287.0	3.948
1384136116777	-287.0	3.948
1384136116886	-287.0	3.948
1384136116994	-287.0	3.948
1384136117103	-287.0	3.948
1384136117256	-215.0	3.938
1384136117387	-215.0	3.938
1384136117514	-215.0	3.938
1384136117622	-215.0	3.938
1384136117729	-215.0	3.938
1384136117837	-215.0	3.938
1384136117944	-215.0	3.938
1384136118051	-215.0	3.938
1384136118165	-215.0	3.938
1384136118272	-234.0	3.979
1384136118380	-234.0	3.979
1384136118488	-234.0	3.979
1384136118595	-234.0	3.979
1384136118702	-234.0	3.979
1384136118810	-234.0	3.979
1384136118932	-234.0	3.979
1384136119041	-234.0	3.979
1384136119149	-234.0	3.979
1384136119256	-218.0	3.946
1384136119364	-218.0	3.946
1384136119471	-218.0	3.946
1384136119578	-218.0	3.946
1384136119704	-218.0	3.946
1384136119813	-218.0	3.946
1384136119920	-218.0	3.946
1384136120027	-218.0	3.946
1384136120135	-218.0	3.946
1384136120242	-220.0	3.982
1384136120367	-220.0	3.982
1384136120477	-220.0	3.982
1384136120584	-220.0	3.982
1384136120692	-220.0	3.982
1384136120799	-220.0	3.982
1384136120906	-220.0	3.982
1384136121014	-220.0	3.982
1384136121141	-220.0	3.982
1384136121249	-216.0	3.959
1384136121356	-216.0	3.959
1384136121465	-216.0	3.959
1384136121572	-216.0	3.959
1384136121679	-216.0	3.959
1384136121787	-216.0	3.959
1384136121910	-216.0	3.959
1384136122018	-216.0	3.959
1384136122125	-216.0	3.959
1384136122236	-210.0	3.973
1384136122391	-210.0	3.973
1384136122498	-210.0	3.973
1384136122605	-210.0	3.973
1384136122730	-210.0	3.973
1384136122838	-210.0	3.973
1384136122945	-210.0	3.973
1384136123054	-210.0	3.973
1384136123161	-210.0	3.973
1384136123268	-212.0	3.984
1384136123375	-212.0	3.984
1384136123487	-212.0	3.984
1384136123595	-212.0	3.984
1384136123702	-212.0	3.984
1384136123810	-212.0	3.984
1384136123917	-212.0	3.984
1384136124024	-212.0	3.984
1384136124131	-212.0	3.984
1384136124256	-204.0	3.983
1384136124363	-204.0	3.983
1384136124472	-204.0	3.983
1384136124579	-204.0	3.983
1384136124687	-204.0	3.983
1384136124794	-204.0	3.983
1384136124901	-204.0	3.983
1384136125024	-204.0	3.983
1384136125132	-204.0	3.983
1384136125239	-209.0	3.974
1384136125347	-209.0	3.974
1384136125454	-209.0	3.974
1384136125562	-209.0	3.974
1384136125668	-209.0	3.974
1384136125793	-209.0	3.974
1384136125901	-209.0	3.974
1384136126008	-209.0	3.974
1384136126116	-209.0	3.974
1384136126223	-208.0	3.981
1384136126331	-208.0	3.981
1384136126438	-208.0	3.981
1384136126569	-208.0	3.981
1384136126678	-208.0	3.981
1384136126785	-208.0	3.981
1384136126893	-208.0	3.981
1384136127000	-208.0	3.981
1384136127108	-208.0	3.981
1384136127216	-208.0	3.982
1384136127344	-208.0	3.982
1384136127498	-208.0	3.982
1384136127606	-208.0	3.982
1384136127714	-208.0	3.982
1384136127821	-208.0	3.982
1384136127929	-208.0	3.982
1384136128036	-208.0	3.982
1384136128165	-208.0	3.982
1384136128272	-211.0	3.988
1384136128380	-211.0	3.988
1384136128487	-211.0	3.988
1384136128594	-211.0	3.988
1384136128701	-211.0	3.988
1384136128824	-211.0	3.988
1384136128932	-211.0	3.988
1384136129039	-211.0	3.988
1384136129147	-211.0	3.988
1384136129254	-235.0	3.947
1384136129362	-235.0	3.947
1384136129469	-235.0	3.947
1384136129581	-235.0	3.947
1384136129689	-235.0	3.947
1384136129797	-235.0	3.947
1384136129904	-235.0	3.947
1384136130012	-235.0	3.947
1384136130121	-235.0	3.947
1384136130228	-231.0	3.967
1384136130341	-231.0	3.967
1384136130449	-231.0	3.967
1384136130559	-231.0	3.967
1384136130666	-231.0	3.967
1384136130773	-231.0	3.967
1384136130881	-231.0	3.967
1384136130989	-231.0	3.967
1384136131101	-231.0	3.967
1384136131209	-234.0	3.967
1384136131318	-234.0	3.967
1384136131425	-234.0	3.967
1384136131534	-234.0	3.967
1384136131642	-234.0	3.967
1384136131749	-234.0	3.967
1384136131863	-234.0	3.967
1384136131971	-234.0	3.967
1384136132079	-234.0	3.967
1384136132187	-234.0	3.967
1384136132294	-226.0	3.977
1384136132402	-226.0	3.977
1384136132555	-226.0	3.977
1384136132678	-226.0	3.977
1384136132786	-226.0	3.977
1384136132894	-226.0	3.977
1384136133002	-226.0	3.977
1384136133109	-226.0	3.977
1384136133216	-229.0	3.975
1384136133323	-229.0	3.975
1384136133434	-229.0	3.975
1384136133542	-229.0	3.975
1384136133651	-229.0	3.975
1384136133758	-229.0	3.975
1384136133866	-229.0	3.975
1384136133973	-229.0	3.975
1384136134082	-229.0	3.975
1384136134193	-229.0	3.975
1384136134302	-227.0	3.975
1384136134409	-227.0	3.975
1384136134516	-227.0	3.975
1384136134623	-227.0	3.975
1384136134730	-227.0	3.975
1384136134838	-227.0	3.975
1384136134951	-227.0	3.975
1384136135059	-227.0	3.975
1384136135167	-227.0	3.975
1384136135274	-209.0	3.971
1384136135383	-209.0	3.971
1384136135490	-209.0	3.971
1384136135597	-209.0	3.971
1384136135710	-209.0	3.971
1384136135817	-209.0	3.971
1384136135926	-209.0	3.971
1384136136033	-209.0	3.971
1384136136141	-209.0	3.971
1384136136247	-205.0	3.982
1384136136354	-205.0	3.982
1384136136467	-205.0	3.982
1384136136575	-205.0	3.982
1384136136683	-205.0	3.982
1384136136790	-205.0	3.982
1384136136897	-205.0	3.982
1384136137006	-205.0	3.982
1384136137113	-205.0	3.982
1384136137227	-205.0	3.987
1384136137334	-205.0	3.987
1384136137442	-205.0	3.987
1384136137550	-205.0	3.987
1384136137704	-205.0	3.987
1384136137811	-205.0	3.987
1384136137924	-205.0	3.987
1384136138032	-205.0	3.987
1384136138139	-205.0	3.987
1384136138246	-230.0	3.974
1384136138354	-230.0	3.974
1384136138463	-230.0	3.974
1384136138570	-230.0	3.974
1384136138691	-230.0	3.974
1384136138799	-230.0	3.974
1384136138907	-230.0	3.974
1384136139018	-230.0	3.974
1384136139127	-230.0	3.974
1384136139234	-205.0	3.977
1384136139341	-205.0	3.977
1384136139453	-205.0	3.977
1384136139561	-205.0	3.977
1384136139670	-205.0	3.977
1384136139777	-205.0	3.977
1384136139886	-205.0	3.977
1384136139993	-205.0	3.977
1384136140100	-205.0	3.977
1384136140222	-205.0	3.975
1384136140330	-207.0	3.975
1384136140438	-207.0	3.975
1384136140548	-207.0	3.975
1384136140656	-207.0	3.975
1384136140763	-207.0	3.975
1384136140871	-207.0	3.975
1384136140982	-207.0	3.975
1384136141091	-207.0	3.975
1384136141198	-207.0	3.975
1384136141305	-210.0	3.973
1384136141412	-210.0	3.973
1384136141519	-210.0	3.973
1384136141627	-210.0	3.973
1384136141750	-210.0	3.973
1384136141858	-210.0	3.973
1384136141967	-210.0	3.973
1384136142074	-210.0	3.973
1384136142181	-210.0	3.973
1384136142289	-208.0	3.983
1384136142396	-208.0	3.983
1384136142527	-208.0	3.983
1384136142635	-208.0	3.983
1384136142788	-208.0	3.983
1384136142895	-208.0	3.983
1384136143003	-208.0	3.983
1384136143112	-208.0	3.983
1384136143219	-208.0	3.983
1384136143344	-210.0	3.978
1384136143453	-210.0	3.978
1384136143562	-210.0	3.978
1384136143669	-210.0	3.978
1384136143776	-210.0	3.978
1384136143883	-210.0	3.978
1384136143992	-210.0	3.978
1384136144124	-210.0	3.978
1384136144233	-212.0	3.977
1384136144340	-212.0	3.977
1384136144448	-212.0	3.977
1384136144555	-212.0	3.977
1384136144662	-212.0	3.977
1384136144769	-212.0	3.977
1384136144899	-212.0	3.977
1384136145008	-212.0	3.977
1384136145115	-212.0	3.977
1384136145225	-212.0	3.982
1384136145333	-217.0	3.982
1384136145438	-217.0	3.982
1384136145546	-217.0	3.982
1384136145670	-217.0	3.982
1384136145778	-217.0	3.982
1384136145887	-217.0	3.982
1384136145998	-217.0	3.982
1384136146106	-217.0	3.982
1384136146213	-217.0	3.982
1384136146318	-311.0	3.936
1384136146428	-311.0	3.936
1384136146534	-311.0	3.936
1384136146641	-311.0	3.936
1384136146748	-311.0	3.936
1384136146856	-311.0	3.936
1384136146963	-311.0	3.936
1384136147071	-311.0	3.936
1384136147194	-311.0	3.936
1384136147302	-233.0	3.896
1384136147409	-233.0	3.896
1384136147517	-233.0	3.896
1384136147624	-233.0	3.896
1384136147732	-233.0	3.896
1384136147890	-233.0	3.896
1384136148014	-233.0	3.896
1384136148122	-233.0	3.896
1384136148230	-210.0	3.97
1384136148337	-210.0	3.97
1384136148444	-210.0	3.97
1384136148552	-210.0	3.97
1384136148659	-210.0	3.97
1384136148771	-210.0	3.97
1384136148879	-210.0	3.97
1384136148988	-210.0	3.97
1384136149098	-210.0	3.97
1384136149205	-210.0	3.97
1384136149313	-206.0	3.979
1384136149420	-206.0	3.979
1384136149532	-206.0	3.979
1384136149640	-206.0	3.979
1384136149747	-206.0	3.979
1384136149856	-206.0	3.979
1384136149964	-206.0	3.979
1384136150074	-206.0	3.979
1384136150199	-206.0	3.979
1384136150307	-229.0	3.981
1384136150415	-229.0	3.981
1384136150522	-229.0	3.981
1384136150628	-229.0	3.981
1384136150765	-229.0	3.981
1384136150878	-229.0	3.981
1384136150986	-229.0	3.981
1384136151110	-229.0	3.981
1384136151220	-229.0	3.981
1384136151327	-269.0	3.972
1384136151458	-269.0	3.972
1384136151567	-269.0	3.972
1384136151675	-269.0	3.972
1384136151791	-269.0	3.972
1384136151902	-269.0	3.972
1384136152011	-269.0	3.972
1384136152120	-269.0	3.972
1384136152228	-269.0	3.972
1384136152341	-307.0	3.931
1384136152449	-307.0	3.931
1384136152558	-307.0	3.931
1384136152664	-307.0	3.931
1384136152771	-307.0	3.931
1384136152880	-307.0	3.931
1384136153059	-307.0	3.931
1384136153167	-307.0	3.931
1384136153274	-223.0	3.981
1384136153381	-223.0	3.981
1384136153488	-223.0	3.981
1384136153595	-223.0	3.981
1384136153718	-223.0	3.981
1384136153827	-223.0	3.981
1384136153935	-223.0	3.981
1384136154042	-223.0	3.981
1384136154149	-223.0	3.981
1384136154257	-224.0	3.975
1384136154364	-224.0	3.975
1384136154493	-224.0	3.975
1384136154601	-224.0	3.975
1384136154708	-224.0	3.975
1384136154815	-224.0	3.975
1384136154923	-224.0	3.975
1384136155030	-224.0	3.975
1384136155139	-224.0	3.975
1384136155251	-210.0	3.984
1384136155360	-210.0	3.984
1384136155467	-210.0	3.984
1384136155574	-210.0	3.984
1384136155682	-210.0	3.984
1384136155789	-210.0	3.984
1384136155895	-210.0	3.984
1384136156019	-210.0	3.984
1384136156127	-210.0	3.984
1384136156234	-210.0	3.984
1384136156342	-229.0	3.967
1384136156453	-229.0	3.967
1384136156561	-229.0	3.967
1384136156668	-229.0	3.967
1384136156795	-229.0	3.967
1384136156903	-229.0	3.967
1384136157010	-229.0	3.967
1384136157119	-229.0	3.967
1384136157227	-229.0	3.967
1384136157334	-212.0	3.971
1384136157442	-212.0	3.971
1384136157566	-212.0	3.971
1384136157674	-212.0	3.971
1384136157782	-212.0	3.971
1384136157889	-212.0	3.971
1384136157997	-212.0	3.971
1384136158154	-212.0	3.971
1384136158262	-209.0	3.978
1384136158373	-209.0	3.978
1384136158481	-209.0	3.978
1384136158589	-209.0	3.978
1384136158696	-209.0	3.978
1384136158804	-209.0	3.978
1384136158912	-209.0	3.978
1384136159019	-209.0	3.978
1384136159131	-209.0	3.978
1384136159240	-209.0	3.978
1384136159348	-215.0	3.987
1384136159456	-215.0	3.987
1384136159563	-215.0	3.987
1384136159671	-215.0	3.987
1384136159778	-215.0	3.987
1384136159890	-215.0	3.987
1384136159998	-215.0	3.987
1384136160106	-215.0	3.987
1384136160213	-215.0	3.987
1384136160321	-240.0	3.97
1384136160429	-240.0	3.97
1384136160536	-240.0	3.97
1384136160658	-240.0	3.97
1384136160767	-240.0	3.97
1384136160875	-240.0	3.97
1384136160984	-240.0	3.97
1384136161092	-240.0	3.97
1384136161199	-240.0	3.97
1384136161312	-248.0	3.964
1384136161419	-248.0	3.964
1384136161528	-248.0	3.964
1384136161635	-248.0	3.964
1384136161745	-248.0	3.964
1384136161852	-248.0	3.964
1384136161959	-248.0	3.964
1384136162085	-248.0	3.964
1384136162192	-248.0	3.964
1384136162300	-293.0	3.934
1384136162409	-293.0	3.934
1384136162517	-293.0	3.934
1384136162625	-293.0	3.934
1384136162732	-293.0	3.934
1384136162860	-293.0	3.934
1384136162969	-293.0	3.934
1384136163076	-293.0	3.934
1384136163232	-293.0	3.934
1384136163339	-293.0	3.939
1384136163448	-293.0	3.939
1384136163555	-293.0	3.939
1384136163677	-293.0	3.939
1384136163787	-293.0	3.939
1384136163894	-293.0	3.939
1384136164001	-293.0	3.939
1384136164110	-293.0	3.939
1384136164217	-293.0	3.939
1384136164324	-242.0	3.947
1384136164454	-242.0	3.947
1384136164562	-242.0	3.947
1384136164668	-242.0	3.947
1384136164796	-242.0	3.947
1384136164904	-242.0	3.947
1384136165018	-242.0	3.947
1384136165126	-242.0	3.947
1384136165234	-242.0	3.947
1384136165341	-276.0	3.968
1384136165468	-276.0	3.968
1384136165577	-276.0	3.968
1384136165689	-276.0	3.968
1384136165803	-276.0	3.968
1384136165911	-276.0	3.968
1384136166022	-276.0	3.968
1384136166132	-276.0	3.968
1384136166261	-296.0	3.976
1384136166368	-296.0	3.976
1384136166474	-296.0	3.976
1384136166603	-296.0	3.976
1384136166712	-296.0	3.976
1384136166820	-296.0	3.976
1384136166928	-296.0	3.976
1384136167035	-296.0	3.976
1384136167144	-296.0	3.976
1384136167284	-271.0	3.925
1384136167393	-271.0	3.925
1384136167500	-271.0	3.925
1384136167615	-271.0	3.925
1384136167754	-271.0	3.925
1384136167869	-271.0	3.925
1384136168001	-271.0	3.925
1384136168110	-271.0	3.925
1384136168217	-271.0	3.925
1384136168369	-304.0	3.941
1384136168473	-304.0	3.941
1384136168586	-304.0	3.941
1384136168694	-304.0	3.941
1384136168800	-304.0	3.941
1384136168906	-304.0	3.941
1384136169013	-304.0	3.941
1384136169121	-304.0	3.941
1384136169227	-304.0	3.941
1384136169331	-360.0	3.882
1384136169448	-360.0	3.882
1384136169552	-360.0	3.882
1384136169679	-360.0	3.882
1384136169786	-360.0	3.882
1384136169894	-360.0	3.882
1384136170001	-360.0	3.882
1384136170108	-360.0	3.882
1384136170217	-360.0	3.882
1384136170323	-269.0	3.903
1384136170454	-269.0	3.903
1384136170562	-269.0	3.903
1384136170669	-269.0	3.903
1384136170779	-269.0	3.903
1384136170886	-269.0	3.903
1384136170994	-269.0	3.903
1384136171101	-269.0	3.903
1384136171224	-269.0	3.903
1384136171332	-214.0	3.971
1384136171441	-214.0	3.971
1384136171550	-214.0	3.971
1384136171658	-214.0	3.971
1384136171765	-214.0	3.971
1384136171872	-214.0	3.971
1384136171995	-214.0	3.971
1384136172103	-214.0	3.971
1384136172210	-214.0	3.971
1384136172318	-218.0	3.968
1384136172425	-218.0	3.968
1384136172534	-218.0	3.968
1384136172658	-218.0	3.968
1384136172766	-218.0	3.968
1384136172875	-218.0	3.968
1384136172982	-218.0	3.968
1384136173098	-218.0	3.968
1384136173206	-218.0	3.968
1384136173314	-220.0	3.942
1384136173481	-220.0	3.942
1384136173589	-220.0	3.942
1384136173696	-220.0	3.942
1384136173803	-220.0	3.942
1384136173910	-220.0	3.942
1384136174018	-220.0	3.942
1384136174125	-220.0	3.942
1384136174247	-220.0	3.942
1384136174358	-212.0	3.975
1384136174466	-212.0	3.975
1384136174584	-212.0	3.975
