Time/ms	Current/mA	Voltage/V
1383963017236	-204.0	4.02
1383963017343	-204.0	4.02
1383963017449	-204.0	4.02
1383963017559	-204.0	4.02
1383963017665	-204.0	4.02
1383963017778	-204.0	4.02
1383963017908	-204.0	4.02
1383963018014	-401.0	3.976
1383963018118	-401.0	3.976
1383963018231	-401.0	3.976
1383963018336	-401.0	3.976
1383963018443	-401.0	3.976
1383963018549	-401.0	3.976
1383963018673	-401.0	3.976
1383963018785	-401.0	3.976
1383963018896	-401.0	3.976
1383963019014	-333.0	3.959
1383963019126	-333.0	3.959
1383963019237	-333.0	3.959
1383963019361	-333.0	3.959
1383963019472	-333.0	3.959
1383963019582	-333.0	3.959
1383963019693	-333.0	3.959
1383963019801	-333.0	3.959
1383963019908	-333.0	3.959
1383963020018	-246.0	3.968
1383963020142	-246.0	3.968
1383963020252	-246.0	3.968
1383963020362	-246.0	3.968
1383963020471	-246.0	3.968
1383963020583	-246.0	3.968
1383963020692	-246.0	3.968
1383963020807	-246.0	3.968
1383963020918	-246.0	3.968
1383963021026	-218.0	3.975
1383963021138	-218.0	3.975
1383963021245	-218.0	3.975
1383963021353	-218.0	3.975
1383963021462	-218.0	3.975
1383963021573	-218.0	3.975
1383963021683	-218.0	3.975
1383963021792	-218.0	3.975
1383963021901	-218.0	3.975
1383963022009	-218.0	3.975
1383963022119	-196.0	4.021
1383963022313	-196.0	4.021
1383963022421	-196.0	4.021
1383963022531	-196.0	4.021
1383963022640	-196.0	4.021
1383963022748	-196.0	4.021
1383963022856	-196.0	4.021
1383963022965	-196.0	4.021
1383963023088	-222.0	4.015
1383963023196	-222.0	4.015
1383963023306	-222.0	4.015
1383963023415	-222.0	4.015
1383963023523	-222.0	4.015
1383963023632	-222.0	4.015
1383963023741	-222.0	4.015
1383963023867	-222.0	4.015
1383963023975	-222.0	4.015
1383963024084	-203.0	4.011
1383963024192	-203.0	4.011
1383963024304	-203.0	4.011
1383963024415	-203.0	4.011
1383963024528	-203.0	4.011
1383963024637	-203.0	4.011
1383963024745	-203.0	4.011
1383963024853	-203.0	4.011
1383963024963	-203.0	4.011
1383963025072	-230.0	4.022
1383963025181	-230.0	4.022
1383963025295	-230.0	4.022
1383963025405	-230.0	4.022
1383963025515	-230.0	4.022
1383963025624	-230.0	4.022
1383963025732	-230.0	4.022
1383963025843	-230.0	4.022
1383963025966	-230.0	4.022
1383963026075	-218.0	4.02
1383963026183	-218.0	4.02
1383963026291	-218.0	4.02
1383963026399	-218.0	4.02
1383963026507	-218.0	4.02
1383963026623	-218.0	4.02
1383963026735	-218.0	4.02
1383963026845	-218.0	4.02
1383963026953	-218.0	4.02
1383963027061	-200.0	4.02
1383963027169	-200.0	4.02
1383963027281	-200.0	4.02
1383963027438	-200.0	4.02
1383963027555	-200.0	4.02
1383963027664	-200.0	4.02
1383963027773	-200.0	4.02
1383963027882	-200.0	4.02
1383963027989	-200.0	4.02
1383963028097	-203.0	4.02
1383963028206	-203.0	4.02
1383963028319	-203.0	4.02
1383963028428	-203.0	4.02
1383963028537	-203.0	4.02
1383963028645	-203.0	4.02
1383963028753	-203.0	4.02
1383963028860	-203.0	4.02
1383963028983	-203.0	4.02
1383963029093	-225.0	4.018
1383963029201	-225.0	4.018
1383963029309	-225.0	4.018
1383963029417	-225.0	4.018
1383963029525	-225.0	4.018
1383963029652	-225.0	4.018
1383963029759	-225.0	4.018
1383963029869	-225.0	4.018
1383963029978	-225.0	4.018
1383963030090	-200.0	4.019
1383963030199	-200.0	4.019
1383963030327	-200.0	4.019
1383963030436	-200.0	4.019
1383963030545	-200.0	4.019
1383963030654	-200.0	4.019
1383963030765	-200.0	4.019
1383963030873	-200.0	4.019
1383963030980	-200.0	4.019
1383963031107	-223.0	3.974
1383963031214	-223.0	3.974
1383963031325	-223.0	3.974
1383963031433	-223.0	3.974
1383963031542	-223.0	3.974
1383963031651	-223.0	3.974
1383963031759	-223.0	3.974
1383963031889	-223.0	3.974
1383963031997	-223.0	3.974
1383963032106	-202.0	4.009
1383963032214	-202.0	4.009
1383963032322	-202.0	4.009
1383963032435	-202.0	4.009
1383963032610	-202.0	4.009
1383963032719	-202.0	4.009
1383963032827	-202.0	4.009
1383963032934	-202.0	4.009
1383963033042	-202.0	4.009
1383963033151	-231.0	4.017
1383963033259	-231.0	4.017
1383963033389	-231.0	4.017
1383963033499	-231.0	4.017
1383963033607	-231.0	4.017
1383963033715	-231.0	4.017
1383963033823	-231.0	4.017
1383963033932	-231.0	4.017
1383963034045	-231.0	4.017
1383963034154	-206.0	4.02
1383963034262	-206.0	4.02
1383963034370	-206.0	4.02
1383963034478	-206.0	4.02
1383963034588	-206.0	4.02
1383963034696	-206.0	4.02
1383963034810	-206.0	4.02
1383963034919	-206.0	4.02
1383963035027	-206.0	4.02
1383963035134	-204.0	4.013
1383963035242	-204.0	4.013
1383963035352	-204.0	4.013
1383963035459	-204.0	4.013
1383963035573	-204.0	4.013
1383963035681	-204.0	4.013
1383963035790	-204.0	4.013
1383963035900	-204.0	4.013
1383963036011	-204.0	4.013
1383963036118	-205.0	4.019
1383963036226	-205.0	4.019
1383963036338	-205.0	4.019
1383963036446	-205.0	4.019
1383963036555	-205.0	4.019
1383963036663	-205.0	4.019
1383963036771	-205.0	4.019
1383963036879	-205.0	4.019
1383963036986	-205.0	4.019
1383963037099	-199.0	4.021
1383963037209	-199.0	4.021
1383963037318	-199.0	4.021
1383963037426	-199.0	4.021
1383963037534	-199.0	4.021
1383963037699	-199.0	4.021
1383963037813	-199.0	4.021
1383963037923	-199.0	4.021
1383963038031	-199.0	4.021
1383963038139	-223.0	4.005
1383963038248	-223.0	4.005
1383963038356	-223.0	4.005
1383963038463	-223.0	4.005
1383963038579	-223.0	4.005
1383963038686	-223.0	4.005
1383963038795	-223.0	4.005
1383963038906	-223.0	4.005
1383963039014	-223.0	4.005
1383963039122	-202.0	4.015
1383963039230	-202.0	4.015
1383963039343	-202.0	4.015
1383963039453	-202.0	4.015
1383963039561	-202.0	4.015
1383963039670	-202.0	4.015
1383963039782	-202.0	4.015
1383963039891	-202.0	4.015
1383963039998	-202.0	4.015
1383963040111	-215.0	4.021
1383963040219	-215.0	4.021
1383963040328	-215.0	4.021
1383963040436	-215.0	4.021
1383963040544	-215.0	4.021
1383963040655	-215.0	4.021
1383963040764	-215.0	4.021
1383963040877	-215.0	4.021
1383963040986	-215.0	4.021
1383963041095	-215.0	4.021
1383963041202	-202.0	4.005
1383963041311	-202.0	4.005
1383963041419	-202.0	4.005
1383963041541	-202.0	4.005
1383963041655	-202.0	4.005
1383963041765	-202.0	4.005
1383963041873	-202.0	4.005
1383963041981	-202.0	4.005
1383963042088	-202.0	4.005
1383963042197	-224.0	4.016
1383963042310	-224.0	4.016
1383963042419	-224.0	4.016
1383963042527	-224.0	4.016
1383963042636	-224.0	4.016
1383963042795	-224.0	4.016
1383963042904	-224.0	4.016
1383963043012	-224.0	4.016
1383963043139	-203.0	4.016
1383963043247	-203.0	4.016
1383963043357	-203.0	4.016
1383963043466	-203.0	4.016
1383963043574	-203.0	4.016
1383963043682	-203.0	4.016
1383963043790	-203.0	4.016
1383963043923	-203.0	4.016
1383963044031	-203.0	4.016
1383963044139	-202.0	4.005
1383963044248	-202.0	4.005
1383963044356	-202.0	4.005
1383963044464	-202.0	4.005
1383963044572	-202.0	4.005
1383963044696	-202.0	4.005
1383963044806	-202.0	4.005
1383963044919	-202.0	4.005
1383963045032	-202.0	4.005
1383963045143	-228.0	4.019
1383963045252	-228.0	4.019
1383963045366	-228.0	4.019
1383963045480	-228.0	4.019
1383963045588	-228.0	4.019
1383963045695	-228.0	4.019
1383963045807	-228.0	4.019
1383963045920	-228.0	4.019
1383963046050	-228.0	4.019
1383963046164	-284.0	3.984
1383963046292	-284.0	3.984
1383963046407	-284.0	3.984
1383963046517	-284.0	3.984
1383963046624	-284.0	3.984
1383963046733	-284.0	3.984
1383963046842	-284.0	3.984
1383963046964	-284.0	3.984
1383963047073	-284.0	3.984
1383963047182	-236.0	3.978
1383963047290	-236.0	3.978
1383963047400	-236.0	3.978
1383963047507	-236.0	3.978
1383963047615	-236.0	3.978
1383963047728	-236.0	3.978
1383963047881	-236.0	3.978
1383963047989	-236.0	3.978
1383963048097	-236.0	3.978
1383963048205	-201.0	4.016
1383963048314	-201.0	4.016
1383963048422	-201.0	4.016
1383963048535	-201.0	4.016
1383963048643	-201.0	4.016
1383963048752	-201.0	4.016
1383963048862	-201.0	4.016
1383963048969	-201.0	4.016
1383963049078	-201.0	4.016
1383963049186	-200.0	4.013
1383963049311	-200.0	4.013
1383963049420	-200.0	4.013
1383963049528	-200.0	4.013
1383963049636	-200.0	4.013
1383963049744	-200.0	4.013
1383963049852	-200.0	4.013
1383963049978	-200.0	4.013
1383963050088	-200.0	4.013
1383963050196	-220.0	4.015
1383963050304	-220.0	4.015
1383963050413	-220.0	4.015
1383963050521	-220.0	4.015
1383963050628	-220.0	4.015
1383963050744	-220.0	4.015
1383963050852	-220.0	4.015
1383963050961	-220.0	4.015
1383963051069	-220.0	4.015
1383963051176	-201.0	4.012
1383963051284	-201.0	4.012
1383963051405	-201.0	4.012
1383963051514	-201.0	4.012
1383963051623	-201.0	4.012
1383963051731	-201.0	4.012
1383963051839	-201.0	4.012
1383963051947	-201.0	4.012
1383963052054	-201.0	4.012
1383963052179	-223.0	4.014
1383963052288	-223.0	4.014
1383963052396	-223.0	4.014
1383963052505	-223.0	4.014
1383963052612	-223.0	4.014
1383963052721	-223.0	4.014
1383963052829	-223.0	4.014
1383963052999	-223.0	4.014
1383963053107	-223.0	4.014
1383963053215	-206.0	3.999
1383963053323	-206.0	3.999
1383963053431	-206.0	3.999
1383963053542	-206.0	3.999
1383963053655	-206.0	3.999
1383963053765	-206.0	3.999
1383963053873	-206.0	3.999
1383963053982	-206.0	3.999
1383963054089	-206.0	3.999
1383963054199	-215.0	4.019
1383963054307	-215.0	4.019
1383963054436	-215.0	4.019
1383963054545	-215.0	4.019
1383963054654	-215.0	4.019
1383963054763	-215.0	4.019
1383963054871	-215.0	4.019
1383963054987	-215.0	4.019
1383963055115	-215.0	4.019
1383963055228	-213.0	4.022
1383963055336	-213.0	4.022
1383963055444	-213.0	4.022
1383963055551	-213.0	4.022
1383963055658	-213.0	4.022
1383963055766	-213.0	4.022
1383963055897	-213.0	4.022
1383963056005	-213.0	4.022
1383963056114	-213.0	4.022
1383963056223	-206.0	4.001
1383963056330	-206.0	4.001
1383963056438	-206.0	4.001
1383963056546	-206.0	4.001
1383963056659	-206.0	4.001
1383963056768	-206.0	4.001
1383963056876	-206.0	4.001
1383963056985	-206.0	4.001
1383963057093	-206.0	4.001
1383963057200	-209.0	4.021
1383963057325	-209.0	4.021
1383963057434	-209.0	4.021
1383963057542	-209.0	4.021
1383963057649	-209.0	4.021
1383963057758	-209.0	4.021
1383963057867	-209.0	4.021
1383963057975	-209.0	4.021
1383963058145	-209.0	4.021
1383963058257	-208.0	3.997
1383963058367	-208.0	3.997
1383963058475	-208.0	3.997
1383963058590	-208.0	3.997
1383963058698	-208.0	3.997
1383963058816	-208.0	3.997
1383963058927	-208.0	3.997
1383963059037	-208.0	3.997
1383963059145	-208.0	3.997
1383963059269	-287.0	3.996
1383963059377	-287.0	3.996
1383963059486	-287.0	3.996
1383963059594	-287.0	3.996
1383963059747	-287.0	3.996
1383963059856	-287.0	3.996
1383963059965	-287.0	3.996
1383963060073	-287.0	3.996
1383963060182	-286.0	3.973
1383963060334	-286.0	3.973
1383963060451	-286.0	3.973
1383963060560	-286.0	3.973
1383963060668	-286.0	3.973
1383963060776	-286.0	3.973
1383963060911	-286.0	3.973
1383963061019	-286.0	3.973
1383963061127	-286.0	3.973
1383963061235	-250.0	4.011
1383963061342	-250.0	4.011
1383963061451	-250.0	4.011
1383963061559	-250.0	4.011
1383963061681	-250.0	4.011
1383963061790	-250.0	4.011
1383963061898	-250.0	4.011
1383963062007	-250.0	4.011
1383963062114	-250.0	4.011
1383963062222	-201.0	4.011
1383963062333	-201.0	4.011
1383963062460	-201.0	4.011
1383963062570	-201.0	4.011
1383963062677	-201.0	4.011
1383963062786	-201.0	4.011
1383963062894	-201.0	4.011
1383963063001	-201.0	4.011
1383963063110	-201.0	4.011
1383963063288	-196.0	4.012
1383963063396	-196.0	4.012
1383963063506	-196.0	4.012
1383963063614	-196.0	4.012
1383963063722	-196.0	4.012
1383963063830	-196.0	4.012
1383963063938	-196.0	4.012
1383963064070	-196.0	4.012
1383963064178	-196.0	4.008
1383963064286	-214.0	4.008
1383963064394	-214.0	4.008
1383963064502	-214.0	4.008
1383963064609	-214.0	4.008
1383963064717	-214.0	4.008
1383963064832	-214.0	4.008
1383963064940	-214.0	4.008
1383963065048	-214.0	4.008
1383963065156	-214.0	4.008
1383963065264	-211.0	3.982
1383963065372	-211.0	3.982
1383963065480	-211.0	3.982
1383963065592	-211.0	3.982
1383963065702	-211.0	3.982
1383963065810	-211.0	3.982
1383963065919	-211.0	3.982
1383963066031	-211.0	3.982
1383963066139	-211.0	3.982
1383963066253	-236.0	4.011
1383963066361	-236.0	4.011
1383963066469	-236.0	4.011
1383963066577	-236.0	4.011
1383963066684	-236.0	4.011
1383963066795	-236.0	4.011
1383963066909	-236.0	4.011
1383963067020	-236.0	4.011
1383963067133	-236.0	4.011
1383963067246	-223.0	4.005
1383963067355	-223.0	4.005
1383963067482	-223.0	4.005
1383963067593	-223.0	4.005
1383963067707	-223.0	4.005
1383963067817	-223.0	4.005
1383963067925	-223.0	4.005
1383963068053	-223.0	4.005
1383963068161	-223.0	4.005
1383963068319	-249.0	3.984
1383963068433	-249.0	3.984
1383963068541	-249.0	3.984
1383963068665	-249.0	3.984
1383963068777	-249.0	3.984
1383963068885	-249.0	3.984
1383963068993	-249.0	3.984
1383963069101	-249.0	3.984
1383963069209	-251.0	3.999
1383963069317	-251.0	3.999
1383963069440	-251.0	3.999
1383963069548	-251.0	3.999
1383963069656	-251.0	3.999
1383963069764	-251.0	3.999
1383963069872	-251.0	3.999
1383963069979	-251.0	3.999
1383963070102	-251.0	3.999
1383963070211	-226.0	3.988
1383963070325	-226.0	3.988
1383963070445	-226.0	3.988
1383963070556	-226.0	3.988
1383963070680	-226.0	3.988
1383963070789	-226.0	3.988
1383963070898	-226.0	3.988
1383963071005	-226.0	3.988
1383963071113	-226.0	3.988
1383963071221	-229.0	4.015
1383963071331	-229.0	4.015
1383963071456	-229.0	4.015
1383963071565	-229.0	4.015
1383963071672	-229.0	4.015
1383963071782	-229.0	4.015
1383963071891	-229.0	4.015
1383963071999	-229.0	4.015
1383963072108	-229.0	4.015
1383963072239	-209.0	4.013
1383963072347	-209.0	4.013
1383963072455	-209.0	4.013
1383963072564	-209.0	4.013
1383963072673	-209.0	4.013
1383963072781	-209.0	4.013
1383963072905	-209.0	4.013
1383963073017	-209.0	4.013
1383963073125	-209.0	4.013
1383963073234	-237.0	3.97
1383963073394	-237.0	3.97
1383963073502	-237.0	3.97
1383963073625	-237.0	3.97
1383963073733	-237.0	3.97
1383963073841	-237.0	3.97
1383963073949	-237.0	3.97
1383963074056	-237.0	3.97
1383963074164	-237.0	3.97
1383963074272	-210.0	3.982
1383963074396	-210.0	3.982
1383963074504	-210.0	3.982
1383963074612	-210.0	3.982
1383963074722	-210.0	3.982
1383963074830	-210.0	3.982
1383963074939	-210.0	3.982
1383963075062	-210.0	3.982
1383963075170	-210.0	3.982
1383963075281	-216.0	4.013
1383963075390	-216.0	4.013
1383963075500	-216.0	4.013
1383963075608	-216.0	4.013
1383963075732	-216.0	4.013
1383963075843	-216.0	4.013
1383963075955	-216.0	4.013
1383963076064	-216.0	4.013
1383963076172	-216.0	4.013
1383963076281	-218.0	4.006
1383963076389	-218.0	4.006
1383963076518	-218.0	4.006
1383963076627	-218.0	4.006
1383963076739	-218.0	4.006
1383963076847	-218.0	4.006
1383963076956	-218.0	4.006
1383963077064	-218.0	4.006
1383963077173	-218.0	4.006
1383963077300	-205.0	4.009
1383963077411	-205.0	4.009
1383963077521	-205.0	4.009
1383963077630	-205.0	4.009
1383963077742	-205.0	4.009
1383963077850	-205.0	4.009
1383963077977	-205.0	4.009
1383963078085	-205.0	4.009
1383963078195	-205.0	4.009
1383963078303	-237.0	4.008
1383963078465	-237.0	4.008
1383963078574	-237.0	4.008
1383963078682	-237.0	4.008
1383963078795	-237.0	4.008
1383963078903	-237.0	4.008
1383963079011	-237.0	4.008
1383963079122	-237.0	4.008
1383963079230	-202.0	4.014
1383963079339	-202.0	4.014
1383963079503	-202.0	4.014
1383963079611	-202.0	4.014
1383963079720	-202.0	4.014
1383963079828	-202.0	4.014
1383963079936	-202.0	4.014
1383963080044	-202.0	4.014
1383963080151	-202.0	4.014
1383963080274	-220.0	4.017
1383963080385	-220.0	4.017
1383963080493	-220.0	4.017
1383963080602	-220.0	4.017
1383963080710	-220.0	4.017
1383963080818	-220.0	4.017
1383963080926	-220.0	4.017
1383963081039	-220.0	4.017
1383963081148	-220.0	4.017
1383963081257	-204.0	3.999
1383963081365	-204.0	3.999
1383963081473	-204.0	3.999
1383963081582	-204.0	3.999
1383963081689	-204.0	3.999
1383963081803	-204.0	3.999
1383963081911	-204.0	3.999
1383963082020	-204.0	3.999
1383963082128	-204.0	3.999
1383963082236	-202.0	4.01
1383963082344	-202.0	4.01
1383963082452	-202.0	4.01
1383963082565	-202.0	4.01
1383963082674	-202.0	4.01
1383963082783	-202.0	4.01
1383963082890	-202.0	4.01
1383963082998	-202.0	4.01
1383963083106	-202.0	4.01
1383963083214	-202.0	4.01
1383963083328	-204.0	4.013
1383963083437	-204.0	4.013
1383963083590	-204.0	4.013
1383963083698	-204.0	4.013
1383963083807	-204.0	4.013
1383963083914	-204.0	4.013
1383963084022	-204.0	4.013
1383963084145	-204.0	4.013
1383963084253	-202.0	4.01
1383963084361	-202.0	4.01
1383963084470	-202.0	4.01
1383963084578	-202.0	4.01
1383963084686	-202.0	4.01
1383963084794	-202.0	4.01
1383963084924	-202.0	4.01
1383963085032	-202.0	4.01
1383963085140	-202.0	4.01
1383963085248	-200.0	4.008
1383963085356	-200.0	4.008
1383963085464	-200.0	4.008
1383963085572	-200.0	4.008
1383963085698	-200.0	4.008
1383963085807	-200.0	4.008
1383963085915	-200.0	4.008
1383963086022	-200.0	4.008
1383963086130	-200.0	4.008
1383963086237	-200.0	4.01
1383963086346	-200.0	4.01
1383963086475	-200.0	4.01
1383963086585	-200.0	4.01
1383963086693	-200.0	4.01
1383963086800	-200.0	4.01
1383963086908	-200.0	4.01
1383963087016	-200.0	4.01
1383963087124	-200.0	4.01
1383963087282	-202.0	4.014
1383963087391	-202.0	4.014
1383963087499	-202.0	4.014
1383963087611	-202.0	4.014
1383963087718	-202.0	4.014
1383963087827	-202.0	4.014
1383963087934	-202.0	4.014
1383963088057	-202.0	4.014
1383963088165	-202.0	4.014
1383963088274	-225.0	3.962
1383963088381	-225.0	3.962
1383963088490	-225.0	3.962
1383963088647	-225.0	3.962
1383963088756	-225.0	3.962
1383963088871	-225.0	3.962
1383963088979	-225.0	3.962
1383963089089	-225.0	3.962
1383963089197	-225.0	3.962
1383963089306	-200.0	4.013
1383963089414	-200.0	4.013
1383963089521	-200.0	4.013
1383963089645	-200.0	4.013
1383963089753	-200.0	4.013
1383963089861	-200.0	4.013
1383963089969	-200.0	4.013
1383963090076	-200.0	4.013
1383963090184	-200.0	4.013
1383963090292	-197.0	4.011
1383963090421	-197.0	4.011
1383963090531	-197.0	4.011
1383963090640	-197.0	4.011
1383963090749	-197.0	4.011
1383963090857	-197.0	4.011
1383963090964	-197.0	4.011
1383963091072	-197.0	4.011
1383963091202	-197.0	4.011
1383963091310	-202.0	4.01
1383963091416	-202.0	4.01
1383963091523	-202.0	4.01
1383963091632	-202.0	4.01
1383963091741	-202.0	4.01
1383963091850	-202.0	4.01
1383963091982	-202.0	4.01
1383963092090	-202.0	4.01
1383963092198	-202.0	4.01
1383963092305	-211.0	3.987
1383963092414	-211.0	3.987
1383963092521	-211.0	3.987
1383963092630	-211.0	3.987
1383963092763	-211.0	3.987
1383963092872	-211.0	3.987
1383963092980	-211.0	3.987
1383963093090	-211.0	3.987
1383963093197	-211.0	3.987
1383963093307	-210.0	3.982
1383963093415	-210.0	3.982
1383963093546	-210.0	3.982
1383963093699	-210.0	3.982
1383963093814	-210.0	3.982
1383963093923	-210.0	3.982
1383963094032	-210.0	3.982
1383963094139	-210.0	3.982
1383963094252	-210.0	4.011
1383963094361	-225.0	4.011
1383963094469	-225.0	4.011
1383963094577	-225.0	4.011
1383963094686	-225.0	4.011
1383963094794	-225.0	4.011
1383963094902	-225.0	4.011
1383963095017	-225.0	4.011
1383963095126	-225.0	4.011
1383963095234	-225.0	4.011
1383963095342	-204.0	4.0
1383963095452	-204.0	4.0
1383963095560	-204.0	4.0
1383963095667	-204.0	4.0
1383963095793	-204.0	4.0
1383963095901	-204.0	4.0
1383963096009	-204.0	4.0
1383963096118	-204.0	4.0
1383963096227	-204.0	4.0
1383963096335	-204.0	4.011
1383963096443	-204.0	4.011
1383963096557	-204.0	4.011
1383963096666	-204.0	4.011
1383963096777	-204.0	4.011
1383963096886	-204.0	4.011
1383963096995	-204.0	4.011
1383963097102	-204.0	4.011
1383963097210	-204.0	4.011
1383963097335	-200.0	4.018
1383963097443	-200.0	4.018
1383963097552	-200.0	4.018
1383963097661	-200.0	4.018
1383963097769	-200.0	4.018
1383963097877	-200.0	4.018
1383963097985	-200.0	4.018
1383963098099	-200.0	4.018
1383963098207	-200.0	4.018
1383963098316	-204.0	4.003
1383963098423	-204.0	4.003
1383963098531	-204.0	4.003
1383963098640	-204.0	4.003
1383963098794	-204.0	4.003
1383963098923	-204.0	4.003
1383963099031	-204.0	4.003
1383963099141	-204.0	4.003
1383963099250	-204.0	4.003
1383963099358	-209.0	4.008
1383963099466	-209.0	4.008
1383963099594	-209.0	4.008
1383963099703	-209.0	4.008
1383963099811	-209.0	4.008
1383963099920	-209.0	4.008
1383963100028	-209.0	4.008
1383963100138	-209.0	4.008
1383963100245	-209.0	4.008
1383963100359	-213.0	3.981
1383963100467	-213.0	3.981
1383963100575	-213.0	3.981
1383963100683	-213.0	3.981
1383963100794	-213.0	3.981
1383963100902	-213.0	3.981
1383963101010	-213.0	3.981
1383963101138	-213.0	3.981
1383963101246	-213.0	3.981
1383963101354	-205.0	4.005
1383963101462	-205.0	4.005
1383963101571	-205.0	4.005
1383963101679	-205.0	4.005
1383963101788	-205.0	4.005
1383963101917	-205.0	4.005
1383963102026	-205.0	4.005
1383963102134	-205.0	4.005
1383963102243	-205.0	4.005
1383963102350	-196.0	4.006
1383963102459	-196.0	4.006
1383963102567	-196.0	4.006
1383963102694	-196.0	4.006
1383963102803	-196.0	4.006
1383963102911	-196.0	4.006
1383963103019	-196.0	4.006
1383963103127	-196.0	4.006
1383963103235	-196.0	4.006
1383963103343	-198.0	4.007
1383963103457	-198.0	4.007
1383963103565	-198.0	4.007
1383963103673	-198.0	4.007
1383963103782	-198.0	4.007
1383963103933	-198.0	4.007
1383963104042	-198.0	4.007
1383963104149	-198.0	4.007
1383963104273	-198.0	4.008
1383963104382	-202.0	4.008
1383963104490	-202.0	4.008
1383963104597	-202.0	4.008
1383963104705	-202.0	4.008
1383963104813	-202.0	4.008
1383963104922	-202.0	4.008
1383963105046	-202.0	4.008
1383963105155	-202.0	4.008
1383963105262	-202.0	4.008
1383963105370	-202.0	3.997
1383963105478	-202.0	3.997
1383963105586	-202.0	3.997
1383963105694	-202.0	3.997
1383963105821	-202.0	3.997
1383963105929	-202.0	3.997
1383963106037	-202.0	3.997
1383963106145	-202.0	3.997
1383963106253	-202.0	3.997
1383963106361	-221.0	4.01
1383963106492	-221.0	4.01
1383963106602	-221.0	4.01
1383963106710	-221.0	4.01
1383963106818	-221.0	4.01
1383963106927	-221.0	4.01
1383963107036	-221.0	4.01
1383963107144	-221.0	4.01
1383963107272	-221.0	4.008
1383963107380	-201.0	4.008
1383963107488	-201.0	4.008
1383963107596	-201.0	4.008
1383963107705	-201.0	4.008
1383963107815	-201.0	4.008
1383963107924	-201.0	4.008
1383963108053	-201.0	4.008
1383963108161	-201.0	4.008
1383963108269	-201.0	4.008
1383963108377	-205.0	4.0
1383963108486	-205.0	4.0
1383963108594	-205.0	4.0
1383963108702	-205.0	4.0
1383963108815	-205.0	4.0
1383963108924	-205.0	4.0
1383963109084	-205.0	4.0
1383963109191	-205.0	4.0
1383963109299	-200.0	4.007
1383963109408	-200.0	4.007
1383963109516	-200.0	4.007
1383963109639	-200.0	4.007
1383963109750	-200.0	4.007
1383963109858	-200.0	4.007
1383963109966	-200.0	4.007
1383963110073	-200.0	4.007
1383963110181	-200.0	4.007
1383963110289	-199.0	4.006
1383963110419	-199.0	4.006
1383963110530	-199.0	4.006
1383963110639	-199.0	4.006
1383963110747	-199.0	4.006
1383963110855	-199.0	4.006
1383963110962	-199.0	4.006
1383963111070	-199.0	4.006
1383963111194	-199.0	4.006
1383963111303	-199.0	4.012
1383963111411	-199.0	4.012
1383963111519	-199.0	4.012
1383963111627	-199.0	4.012
1383963111735	-199.0	4.012
1383963111842	-199.0	4.012
1383963111967	-199.0	4.012
1383963112075	-199.0	4.012
1383963112184	-199.0	4.012
1383963112292	-196.0	4.011
1383963112400	-196.0	4.011
1383963112508	-196.0	4.011
1383963112617	-196.0	4.011
1383963112745	-196.0	4.011
1383963112853	-196.0	4.011
1383963112962	-196.0	4.011
1383963113070	-196.0	4.011
1383963113178	-196.0	4.011
1383963113286	-200.0	4.006
1383963113393	-200.0	4.006
1383963113522	-200.0	4.006
1383963113631	-200.0	4.006
1383963113739	-200.0	4.006
1383963113848	-200.0	4.006
1383963113956	-200.0	4.006
1383963114066	-200.0	4.006
1383963114223	-200.0	4.006
1383963114335	-222.0	4.008
1383963114457	-222.0	4.008
1383963114567	-222.0	4.008
1383963114674	-222.0	4.008
1383963114782	-222.0	4.008
1383963114891	-222.0	4.008
1383963114999	-222.0	4.008
1383963115108	-222.0	4.008
1383963115221	-222.0	4.008
1383963115330	-218.0	4.008
1383963115438	-218.0	4.008
1383963115546	-218.0	4.008
1383963115654	-218.0	4.008
1383963115762	-218.0	4.008
1383963115871	-218.0	4.008
1383963115999	-218.0	4.008
1383963116107	-218.0	4.008
1383963116216	-218.0	4.008
1383963116323	-211.0	3.975
1383963116432	-211.0	3.975
1383963116540	-211.0	3.975
1383963116648	-211.0	3.975
1383963116772	-211.0	3.975
1383963116880	-211.0	3.975
1383963116989	-211.0	3.975
1383963117097	-211.0	3.975
1383963117205	-211.0	3.975
1383963117313	-199.0	4.006
1383963117420	-199.0	4.006
1383963117534	-199.0	4.006
1383963117644	-199.0	4.006
1383963117753	-199.0	4.006
1383963117860	-199.0	4.006
1383963117969	-199.0	4.006
1383963118077	-199.0	4.006
1383963118184	-199.0	4.006
1383963118298	-207.0	3.978
1383963118407	-207.0	3.978
1383963118516	-207.0	3.978
1383963118624	-207.0	3.978
1383963118732	-207.0	3.978
1383963118841	-207.0	3.978
1383963118956	-207.0	3.978
1383963119064	-207.0	3.978
1383963119174	-207.0	3.978
1383963119325	-225.0	3.997
1383963119434	-225.0	3.997
1383963119541	-225.0	3.997
1383963119649	-225.0	3.997
1383963119762	-225.0	3.997
1383963119870	-225.0	3.997
1383963119978	-225.0	3.997
1383963120086	-225.0	3.997
1383963120194	-225.0	3.997
1383963120301	-204.0	4.006
1383963120410	-204.0	4.006
1383963120533	-204.0	4.006
1383963120642	-204.0	4.006
1383963120750	-204.0	4.006
1383963120857	-204.0	4.006
1383963120965	-204.0	4.006
1383963121072	-204.0	4.006
1383963121180	-204.0	4.006
1383963121312	-204.0	4.01
1383963121419	-200.0	4.01
1383963121527	-200.0	4.01
1383963121635	-200.0	4.01
1383963121744	-200.0	4.01
1383963121852	-200.0	4.01
1383963121959	-200.0	4.01
1383963122091	-200.0	4.01
1383963122199	-200.0	4.01
1383963122307	-205.0	3.992
1383963122416	-205.0	3.992
1383963122524	-205.0	3.992
1383963122632	-205.0	3.992
1383963122740	-205.0	3.992
1383963122862	-205.0	3.992
1383963122971	-205.0	3.992
1383963123079	-205.0	3.992
1383963123188	-205.0	3.992
1383963123297	-202.0	4.003
1383963123404	-202.0	4.003
1383963123512	-202.0	4.003
1383963123640	-202.0	4.003
1383963123749	-202.0	4.003
1383963123857	-202.0	4.003
1383963123965	-202.0	4.003
1383963124073	-202.0	4.003
1383963124181	-202.0	4.003
1383963124307	-232.0	4.008
1383963126765	-187.0	4.017
1383963126880	-187.0	4.017
1383963126988	-187.0	4.017
1383963127096	-187.0	4.017
1383963127208	-187.0	4.017
1383963127335	-194.0	4.015
1383963127444	-194.0	4.015
1383963127554	-194.0	4.015
1383963127662	-194.0	4.015
1383963127771	-194.0	4.015
1383963127878	-194.0	4.015
1383963127986	-194.0	4.015
1383963128109	-194.0	4.015
1383963128218	-194.0	4.015
1383963128326	-202.0	3.994
1383963128434	-202.0	3.994
1383963128541	-202.0	3.994
1383963128650	-202.0	3.994
1383963128764	-202.0	3.994
1383963128873	-202.0	3.994
1383963128981	-202.0	3.994
1383963129089	-202.0	3.994
1383963129198	-202.0	3.994
1383963129305	-222.0	4.008
1383963129416	-222.0	4.008
1383963129540	-222.0	4.008
1383963129649	-222.0	4.008
1383963129757	-222.0	4.008
1383963129865	-222.0	4.008
1383963129974	-222.0	4.008
1383963130082	-222.0	4.008
1383963130190	-222.0	4.008
1383963130322	-222.0	4.01
1383963130432	-201.0	4.01
1383963130541	-201.0	4.01
1383963130650	-201.0	4.01
1383963130758	-201.0	4.01
1383963130866	-201.0	4.01
1383963130973	-201.0	4.01
1383963131086	-201.0	4.01
1383963131194	-201.0	4.01
1383963131302	-204.0	3.996
1383963131410	-204.0	3.996
1383963131518	-204.0	3.996
1383963131626	-204.0	3.996
1383963131734	-204.0	3.996
1383963131898	-204.0	3.996
1383963132007	-204.0	3.996
1383963132115	-204.0	3.996
1383963132224	-204.0	3.996
1383963132332	-201.0	4.004
1383963132440	-201.0	4.004
1383963132548	-201.0	4.004
1383963132660	-201.0	4.004
1383963132769	-201.0	4.004
1383963132877	-201.0	4.004
1383963132986	-201.0	4.004
1383963133093	-201.0	4.004
1383963133202	-201.0	4.004
1383963133309	-201.0	4.007
1383963133423	-201.0	4.007
1383963133532	-201.0	4.007
1383963133642	-201.0	4.007
1383963133750	-201.0	4.007
1383963133861	-201.0	4.007
1383963133970	-201.0	4.007
1383963134080	-201.0	4.007
1383963134193	-201.0	4.007
1383963134304	-203.0	4.01
1383963134412	-203.0	4.01
1383963134522	-203.0	4.01
1383963134629	-203.0	4.01
1383963134737	-203.0	4.01
1383963134849	-203.0	4.01
1383963134963	-203.0	4.01
1383963135072	-203.0	4.01
1383963135181	-203.0	4.01
1383963135290	-203.0	4.01
1383963135397	-203.0	4.009
1383963135505	-203.0	4.009
1383963135631	-203.0	4.009
1383963135740	-203.0	4.009
1383963135849	-203.0	4.009
1383963135959	-203.0	4.009
1383963136067	-203.0	4.009
1383963136174	-203.0	4.009
1383963136285	-203.0	4.009
1383963136398	-215.0	3.974
1383963136508	-215.0	3.974
1383963136616	-215.0	3.974
1383963136724	-215.0	3.974
1383963136832	-215.0	3.974
1383963136989	-215.0	3.974
1383963137097	-215.0	3.974
1383963137209	-215.0	3.974
1383963137318	-208.0	4.007
1383963137429	-208.0	4.007
1383963137537	-208.0	4.007
1383963137646	-208.0	4.007
1383963137755	-208.0	4.007
1383963137866	-208.0	4.007
1383963138000	-208.0	4.007
1383963138111	-208.0	4.007
1383963138220	-208.0	4.007
1383963138329	-198.0	4.004
1383963138437	-198.0	4.004
1383963138546	-198.0	4.004
1383963138655	-198.0	4.004
1383963138768	-198.0	4.004
1383963138876	-198.0	4.004
1383963138985	-198.0	4.004
1383963139092	-198.0	4.004
1383963139201	-198.0	4.004
1383963139309	-202.0	4.005
1383963139417	-202.0	4.005
1383963139530	-202.0	4.005
1383963139639	-202.0	4.005
1383963139747	-202.0	4.005
1383963139855	-202.0	4.005
1383963139963	-202.0	4.005
1383963140071	-202.0	4.005
1383963140179	-202.0	4.005
1383963140292	-202.0	4.005
1383963140400	-200.0	4.004
1383963140509	-200.0	4.004
1383963140616	-200.0	4.004
1383963140725	-200.0	4.004
1383963140833	-200.0	4.004
1383963140958	-200.0	4.004
1383963141067	-200.0	4.004
1383963141175	-200.0	4.004
1383963141283	-200.0	4.004
1383963141391	-225.0	3.996
1383963141499	-225.0	3.996
1383963141608	-225.0	3.996
1383963141739	-225.0	3.996
1383963141848	-225.0	3.996
1383963141956	-225.0	3.996
1383963142113	-225.0	3.996
1383963142221	-225.0	3.996
1383963142331	-203.0	4.003
1383963142439	-203.0	4.003
1383963142570	-203.0	4.003
1383963142678	-203.0	4.003
1383963142788	-203.0	4.003
1383963142895	-203.0	4.003
1383963143011	-203.0	4.003
1383963143118	-203.0	4.003
1383963143228	-203.0	4.003
1383963143340	-201.0	4.003
1383963143450	-201.0	4.003
1383963143558	-201.0	4.003
1383963143666	-201.0	4.003
1383963143774	-201.0	4.003
1383963143886	-201.0	4.003
1383963143995	-201.0	4.003
1383963144109	-201.0	4.003
1383963144217	-201.0	4.003
1383963144325	-202.0	3.994
1383963144436	-202.0	3.994
1383963144544	-202.0	3.994
1383963144653	-202.0	3.994
1383963144761	-202.0	3.994
1383963144875	-202.0	3.994
1383963144983	-202.0	3.994
1383963145092	-202.0	3.994
1383963145199	-202.0	3.994
1383963145307	-202.0	3.994
1383963145415	-202.0	4.002
1383963145523	-202.0	4.002
1383963145647	-202.0	4.002
1383963145756	-202.0	4.002
1383963145864	-202.0	4.002
1383963145973	-202.0	4.002
1383963146081	-202.0	4.002
1383963146188	-202.0	4.002
1383963146314	-224.0	4.004
1383963146423	-224.0	4.004
1383963146531	-224.0	4.004
1383963146639	-224.0	4.004
1383963146747	-224.0	4.004
1383963146855	-224.0	4.004
1383963146963	-224.0	4.004
1383963147077	-224.0	4.004
1383963147233	-224.0	4.004
1383963147341	-209.0	3.995
1383963147449	-209.0	3.995
1383963147557	-209.0	3.995
1383963147664	-209.0	3.995
1383963147773	-209.0	3.995
1383963147905	-209.0	3.995
1383963148017	-209.0	3.995
1383963148124	-209.0	3.995
1383963148235	-209.0	3.995
1383963148343	-203.0	4.006
1383963148452	-203.0	4.006
1383963148560	-203.0	4.006
1383963148673	-203.0	4.006
1383963148781	-203.0	4.006
1383963148890	-203.0	4.006
1383963148999	-203.0	4.006
1383963149106	-203.0	4.006
1383963149214	-203.0	4.006
1383963149321	-203.0	4.003
1383963149434	-203.0	4.003
1383963149542	-203.0	4.003
1383963149650	-203.0	4.003
1383963149759	-203.0	4.003
1383963149868	-203.0	4.003
1383963149978	-203.0	4.003
1383963150089	-203.0	4.003
1383963150201	-203.0	4.003
1383963150309	-203.0	4.003
1383963150417	-205.0	4.004
1383963150536	-205.0	4.004
1383963150650	-205.0	4.004
1383963150776	-205.0	4.004
1383963150884	-205.0	4.004
1383963150993	-205.0	4.004
1383963151102	-205.0	4.004
1383963151210	-205.0	4.004
1383963151322	-235.0	4.003
1383963151436	-235.0	4.003
1383963151544	-235.0	4.003
1383963151652	-235.0	4.003
1383963151760	-235.0	4.003
1383963151868	-235.0	4.003
1383963151977	-235.0	4.003
1383963152085	-235.0	4.003
1383963152210	-235.0	4.003
1383963152363	-205.0	4.004
1383963152471	-205.0	4.004
1383963152580	-205.0	4.004
1383963152688	-205.0	4.004
1383963152797	-205.0	4.004
1383963152907	-205.0	4.004
1383963153038	-205.0	4.004
1383963153147	-205.0	4.004
1383963153255	-205.0	4.004
1383963153363	-205.0	3.999
1383963153471	-205.0	3.999
1383963153579	-205.0	3.999
1383963153687	-205.0	3.999
1383963153818	-205.0	3.999
1383963153927	-205.0	3.999
1383963154035	-205.0	3.999
1383963154145	-205.0	3.999
1383963154252	-205.0	3.999
1383963154361	-206.0	4.0
1383963154468	-206.0	4.0
1383963154598	-206.0	4.0
1383963154707	-206.0	4.0
1383963154819	-206.0	4.0
1383963154928	-206.0	4.0
1383963155039	-206.0	4.0
1383963155147	-206.0	4.0
1383963155256	-206.0	4.0
1383963155380	-202.0	4.001
1383963155488	-202.0	4.001
1383963155597	-202.0	4.001
1383963155705	-202.0	4.001
1383963155812	-202.0	4.001
1383963155921	-202.0	4.001
1383963156029	-202.0	4.001
1383963156159	-202.0	4.001
1383963156267	-202.0	4.001
1383963156375	-204.0	3.994
1383963156484	-204.0	3.994
1383963156591	-204.0	3.994
1383963156699	-204.0	3.994
1383963156807	-204.0	3.994
1383963156936	-204.0	3.994
1383963157045	-204.0	3.994
1383963157153	-204.0	3.994
1383963157262	-204.0	3.994
1383963157419	-200.0	4.004
1383963157527	-200.0	4.004
1383963157635	-200.0	4.004
1383963157748	-200.0	4.004
1383963157856	-200.0	4.004
1383963157965	-200.0	4.004
1383963158073	-200.0	4.004
1383963158181	-200.0	4.004
1383963158289	-200.0	4.004
1383963158397	-207.0	3.996
1383963158521	-207.0	3.996
1383963158629	-207.0	3.996
1383963158737	-207.0	3.996
1383963158846	-207.0	3.996
1383963158954	-207.0	3.996
1383963159063	-207.0	3.996
1383963159173	-207.0	3.996
1383963159287	-207.0	3.996
1383963159396	-204.0	3.999
1383963159505	-204.0	3.999
1383963159613	-204.0	3.999
1383963159722	-204.0	3.999
1383963159830	-204.0	3.999
1383963159939	-204.0	3.999
1383963160052	-204.0	3.999
1383963160162	-204.0	3.999
1383963160270	-204.0	3.999
1383963160378	-202.0	3.999
1383963160486	-202.0	3.999
1383963160594	-202.0	3.999
1383963160707	-202.0	3.999
1383963160815	-202.0	3.999
1383963160926	-202.0	3.999
1383963161033	-202.0	3.999
1383963161143	-202.0	3.999
1383963161251	-202.0	3.999
1383963161358	-222.0	4.0
1383963161482	-222.0	4.0
1383963161591	-222.0	4.0
1383963161699	-222.0	4.0
1383963161807	-222.0	4.0
1383963161916	-222.0	4.0
1383963162026	-222.0	4.0
1383963162134	-222.0	4.0
1383963162248	-222.0	4.0
1383963162357	-204.0	4.001
1383963162511	-204.0	4.001
1383963162619	-204.0	4.001
1383963162727	-204.0	4.001
1383963162838	-204.0	4.001
1383963162946	-204.0	4.001
1383963163059	-204.0	4.001
1383963163167	-204.0	4.001
1383963163275	-204.0	4.001
1383963163386	-205.0	3.998
1383963163499	-205.0	3.998
1383963163609	-205.0	3.998
1383963163718	-205.0	3.998
1383963163845	-205.0	3.998
1383963163956	-205.0	3.998
1383963164065	-205.0	3.998
1383963164173	-205.0	3.998
1383963164280	-205.0	3.998
1383963164388	-201.0	3.995
1383963164496	-201.0	3.995
1383963164624	-201.0	3.995
1383963164735	-201.0	3.995
1383963164844	-201.0	3.995
1383963164953	-201.0	3.995
1383963165061	-201.0	3.995
1383963165170	-201.0	3.995
1383963165277	-201.0	3.995
1383963165391	-201.0	4.003
1383963165499	-201.0	4.003
1383963165608	-201.0	4.003
1383963165715	-201.0	4.003
1383963165823	-201.0	4.003
1383963165932	-201.0	4.003
1383963166040	-201.0	4.003
1383963166165	-201.0	4.003
1383963166274	-201.0	4.003
1383963166382	-203.0	3.993
1383963166490	-203.0	3.993
1383963166598	-203.0	3.993
1383963166706	-203.0	3.993
1383963166814	-203.0	3.993
1383963166936	-203.0	3.993
1383963167045	-203.0	3.993
1383963167154	-203.0	3.993
1383963167261	-203.0	3.993
1383963167369	-199.0	3.997
1383963167477	-199.0	3.997
1383963167630	-199.0	3.997
1383963167742	-199.0	3.997
1383963167851	-199.0	3.997
1383963167959	-199.0	3.997
1383963168068	-199.0	3.997
1383963168176	-199.0	3.997
1383963168283	-199.0	3.997
1383963168391	-208.0	4.0
1383963168504	-208.0	4.0
1383963168613	-208.0	4.0
1383963168720	-208.0	4.0
1383963168831	-208.0	4.0
1383963168938	-208.0	4.0
1383963169046	-208.0	4.0
1383963169154	-208.0	4.0
1383963169280	-208.0	4.0
1383963169389	-198.0	4.0
1383963169497	-198.0	4.0
1383963169604	-198.0	4.0
1383963169713	-198.0	4.0
1383963169821	-198.0	4.0
1383963169950	-198.0	4.0
1383963170058	-198.0	4.0
1383963170166	-198.0	4.0
1383963170274	-198.0	4.0
1383963170382	-224.0	3.998
1383963170489	-224.0	3.998
1383963170597	-224.0	3.998
1383963170725	-224.0	3.998
1383963170834	-224.0	3.998
1383963170944	-224.0	3.998
1383963171053	-224.0	3.998
1383963171161	-224.0	3.998
1383963171269	-224.0	3.998
1383963171378	-202.0	3.996
1383963171491	-202.0	3.996
1383963171599	-202.0	3.996
1383963171708	-202.0	3.996
1383963171817	-202.0	3.996
1383963171924	-202.0	3.996
1383963172034	-202.0	3.996
1383963172142	-202.0	3.996
1383963172273	-202.0	3.996
1383963172381	-200.0	3.997
1383963172489	-200.0	3.997
1383963172597	-200.0	3.997
1383963172758	-200.0	3.997
1383963172866	-200.0	3.997
1383963172974	-200.0	3.997
1383963173098	-200.0	3.997
1383963173207	-200.0	3.997
1383963173316	-200.0	3.997
1383963173423	-203.0	3.998
1383963173533	-203.0	3.998
1383963173641	-203.0	3.998
1383963173750	-203.0	3.998
1383963173862	-203.0	3.998
1383963173970	-203.0	3.998
1383963174078	-203.0	3.998
1383963174186	-203.0	3.998
1383963174295	-203.0	3.998
1383963174403	-200.0	4.004
1383963174511	-200.0	4.004
1383963174624	-200.0	4.004
1383963174732	-200.0	4.004
1383963174840	-200.0	4.004
1383963174947	-200.0	4.004
1383963175056	-200.0	4.004
1383963175163	-200.0	4.004
1383963175272	-200.0	4.004
1383963175396	-215.0	4.0
1383963175504	-215.0	4.0
1383963175612	-215.0	4.0
1383963175720	-215.0	4.0
1383963175828	-215.0	4.0
1383963175936	-215.0	4.0
1383963176043	-215.0	4.0
1383963176171	-215.0	4.0
1383963176279	-215.0	4.0
1383963176387	-204.0	3.99
1383963176495	-204.0	3.99
1383963176602	-204.0	3.99
1383963176710	-204.0	3.99
1383963176818	-204.0	3.99
1383963176930	-204.0	3.99
1383963177039	-204.0	3.99
1383963177146	-204.0	3.99
1383963177254	-204.0	3.99
1383963177362	-200.0	3.996
1383963177469	-200.0	3.996
1383963177577	-200.0	3.996
1383963177702	-200.0	3.996
1383963177857	-200.0	3.996
1383963177965	-200.0	3.996
1383963178076	-200.0	3.996
1383963178184	-200.0	3.996
1383963178293	-200.0	3.996
1383963178403	-228.0	4.003
1383963178520	-228.0	4.003
1383963178641	-228.0	4.003
1383963178752	-228.0	4.003
1383963178860	-228.0	4.003
1383963178968	-228.0	4.003
1383963179075	-228.0	4.003
1383963179184	-228.0	4.003
1383963179297	-228.0	4.003
1383963179405	-262.0	3.955
1383963179513	-262.0	3.955
1383963179622	-262.0	3.955
1383963179730	-262.0	3.955
1383963179839	-262.0	3.955
1383963179946	-262.0	3.955
1383963180085	-262.0	3.955
1383963180193	-262.0	3.955
1383963180302	-262.0	3.955
1383963180424	-205.0	3.995
1383963180533	-205.0	3.995
1383963180641	-205.0	3.995
1383963180773	-205.0	3.995
1383963180882	-205.0	3.995
1383963180990	-205.0	3.995
1383963181098	-205.0	3.995
1383963181205	-205.0	3.995
1383963181314	-205.0	3.995
1383963181423	-224.0	3.982
1383963181535	-224.0	3.982
1383963181644	-224.0	3.982
1383963181752	-224.0	3.982
1383963181861	-224.0	3.982
1383963181970	-224.0	3.982
1383963182080	-224.0	3.982
1383963182187	-224.0	3.982
1383963182318	-224.0	3.982
1383963182426	-202.0	3.997
1383963182534	-202.0	3.997
1383963182644	-202.0	3.997
1383963182752	-202.0	3.997
1383963182910	-202.0	3.997
1383963183018	-202.0	3.997
1383963183131	-202.0	3.997
1383963183239	-202.0	3.997
1383963183348	-202.0	3.994
1383963183455	-202.0	3.994
1383963183564	-202.0	3.994
1383963183671	-202.0	3.994
1383963183786	-202.0	3.994
1383963183901	-202.0	3.994
1383963184009	-202.0	3.994
1383963184117	-202.0	3.994
1383963184228	-202.0	3.994
1383963184335	-221.0	4.003
1383963184444	-221.0	4.003
1383963184568	-221.0	4.003
1383963184676	-221.0	4.003
1383963184784	-221.0	4.003
1383963184892	-221.0	4.003
1383963184999	-221.0	4.003
1383963185108	-221.0	4.003
1383963185215	-221.0	4.003
1383963185349	-221.0	3.999
1383963185456	-205.0	3.999
1383963185564	-205.0	3.999
1383963185672	-205.0	3.999
1383963185780	-205.0	3.999
1383963185888	-205.0	3.999
1383963185995	-205.0	3.999
1383963186125	-205.0	3.999
1383963186233	-205.0	3.999
1383963186341	-203.0	3.987
1383963186450	-203.0	3.987
1383963186557	-203.0	3.987
1383963186666	-203.0	3.987
1383963186775	-203.0	3.987
1383963186903	-203.0	3.987
1383963187012	-203.0	3.987
1383963187119	-203.0	3.987
1383963187228	-203.0	3.987
1383963187336	-199.0	4.0
1383963187445	-199.0	4.0
1383963187553	-199.0	4.0
1383963187684	-199.0	4.0
1383963187799	-199.0	4.0
1383963187907	-199.0	4.0
1383963188058	-199.0	4.0
1383963188169	-199.0	4.0
1383963188277	-199.0	4.0
1383963188384	-234.0	4.004
1383963188497	-234.0	4.004
1383963188605	-234.0	4.004
1383963188713	-234.0	4.004
1383963188821	-234.0	4.004
1383963188934	-234.0	4.004
1383963189042	-234.0	4.004
1383963189150	-234.0	4.004
1383963189263	-234.0	4.004
1383963189371	-206.0	3.996
1383963189479	-206.0	3.996
1383963189587	-206.0	3.996
1383963189696	-206.0	3.996
1383963189806	-206.0	3.996
1383963189915	-206.0	3.996
1383963190038	-206.0	3.996
1383963190147	-206.0	3.996
1383963190251	-206.0	3.996
1383963190358	-249.0	3.997
1383963190473	-249.0	3.997
1383963190581	-249.0	3.997
1383963190706	-249.0	3.997
1383963190814	-249.0	3.997
1383963190922	-249.0	3.997
1383963191030	-249.0	3.997
1383963191139	-249.0	3.997
1383963191246	-249.0	3.997
1383963191354	-224.0	3.991
1383963191470	-224.0	3.991
1383963191578	-224.0	3.991
1383963191686	-224.0	3.991
1383963191794	-224.0	3.991
1383963191902	-224.0	3.991
1383963192010	-224.0	3.991
1383963192118	-224.0	3.991
1383963192233	-224.0	3.991
1383963192342	-209.0	3.999
1383963192451	-209.0	3.999
1383963192558	-209.0	3.999
1383963192666	-209.0	3.999
1383963192774	-209.0	3.999
1383963192888	-209.0	3.999
1383963192997	-209.0	3.999
1383963193152	-209.0	3.999
1383963193265	-209.0	3.999
1383963193374	-220.0	3.972
1383963193482	-220.0	3.972
1383963193595	-220.0	3.972
1383963193703	-220.0	3.972
1383963193812	-220.0	3.972
1383963193919	-220.0	3.972
1383963194028	-220.0	3.972
1383963194136	-220.0	3.972
1383963194244	-220.0	3.972
1383963194370	-217.0	3.964
1383963194478	-217.0	3.964
1383963194587	-217.0	3.964
1383963194695	-217.0	3.964
1383963194803	-217.0	3.964
1383963194911	-217.0	3.964
1383963195018	-217.0	3.964
1383963195133	-217.0	3.964
1383963195241	-217.0	3.964
1383963195350	-206.0	3.985
1383963195458	-206.0	3.985
1383963195567	-206.0	3.985
1383963195675	-206.0	3.985
1383963195783	-206.0	3.985
1383963195906	-206.0	3.985
1383963196016	-206.0	3.985
1383963196124	-206.0	3.985
1383963196234	-206.0	3.985
1383963196341	-206.0	3.997
1383963196449	-200.0	3.997
1383963196557	-200.0	3.997
1383963196681	-200.0	3.997
1383963196789	-200.0	3.997
1383963196898	-200.0	3.997
1383963197008	-200.0	3.997
1383963197117	-200.0	3.997
1383963197224	-200.0	3.997
1383963197333	-200.0	3.997
1383963197445	-202.0	4.001
1383963197555	-202.0	4.001
1383963197663	-202.0	4.001
1383963197771	-202.0	4.001
1383963197879	-202.0	4.001
1383963197987	-202.0	4.001
1383963198096	-202.0	4.001
1383963198268	-202.0	4.001
1383963198377	-215.0	3.969
1383963198485	-215.0	3.969
1383963198595	-215.0	3.969
1383963198703	-215.0	3.969
1383963198810	-215.0	3.969
1383963198920	-215.0	3.969
1383963199032	-215.0	3.969
1383963199143	-215.0	3.969
1383963199251	-215.0	3.969
1383963199364	-201.0	3.997
1383963199471	-201.0	3.997
1383963199580	-201.0	3.997
1383963199689	-201.0	3.997
1383963199801	-201.0	3.997
1383963199911	-201.0	3.997
1383963200020	-201.0	3.997
1383963200128	-201.0	3.997
1383963200237	-201.0	3.997
1383963200344	-201.0	3.995
1383963200452	-201.0	3.995
1383963200565	-201.0	3.995
1383963200673	-201.0	3.995
1383963200783	-201.0	3.995
1383963200891	-201.0	3.995
1383963201001	-201.0	3.995
1383963201110	-201.0	3.995
1383963201235	-201.0	3.995
1383963201344	-201.0	3.995
1383963201452	-225.0	3.996
1383963201560	-225.0	3.996
1383963201668	-225.0	3.996
1383963201776	-225.0	3.996
1383963201883	-225.0	3.996
1383963201997	-225.0	3.996
1383963202112	-225.0	3.996
1383963202221	-225.0	3.996
1383963202329	-225.0	3.996
1383963202439	-203.0	3.998
1383963202548	-203.0	3.998
1383963202656	-203.0	3.998
1383963202768	-203.0	3.998
1383963202877	-203.0	3.998
1383963202985	-203.0	3.998
1383963203092	-203.0	3.998
1383963203201	-203.0	3.998
1383963203358	-203.0	3.999
1383963203466	-198.0	3.999
1383963203579	-198.0	3.999
1383963203687	-198.0	3.999
1383963203795	-198.0	3.999
1383963203903	-198.0	3.999
1383963204010	-198.0	3.999
1383963204119	-198.0	3.999
1383963204227	-198.0	3.999
1383963204349	-198.0	3.995
1383963204460	-202.0	3.995
1383963204568	-202.0	3.995
1383963204676	-202.0	3.995
1383963204784	-202.0	3.995
1383963204892	-202.0	3.995
1383963205001	-202.0	3.995
1383963205132	-202.0	3.995
1383963205242	-202.0	3.995
1383963205350	-202.0	3.995
1383963205458	-205.0	3.987
1383963205567	-205.0	3.987
1383963205674	-205.0	3.987
1383963205782	-205.0	3.987
1383963205911	-205.0	3.987
1383963206020	-205.0	3.987
1383963206128	-205.0	3.987
1383963206236	-205.0	3.987
1383963206344	-205.0	3.987
1383963206451	-198.0	4.001
1383963206559	-198.0	4.001
1383963206686	-198.0	4.001
1383963206795	-198.0	4.001
1383963206903	-198.0	4.001
1383963207011	-198.0	4.001
1383963207120	-198.0	4.001
1383963207227	-198.0	4.001
1383963207335	-198.0	4.001
1383963207464	-200.0	3.998
1383963207572	-200.0	3.998
1383963207680	-200.0	3.998
1383963207788	-200.0	3.998
1383963207895	-200.0	3.998
1383963208003	-200.0	3.998
1383963208111	-200.0	3.998
1383963208236	-200.0	3.998
1383963208345	-200.0	3.998
1383963208497	-202.0	4.0
1383963208606	-202.0	4.0
1383963208713	-202.0	4.0
1383963208822	-202.0	4.0
1383963208930	-202.0	4.0
1383963209061	-202.0	4.0
1383963209169	-202.0	4.0
1383963209277	-202.0	4.0
1383963209386	-229.0	3.999
1383963209494	-229.0	3.999
1383963209603	-229.0	3.999
1383963209715	-229.0	3.999
1383963209825	-229.0	3.999
1383963209933	-229.0	3.999
1383963210042	-229.0	3.999
1383963210150	-229.0	3.999
1383963210258	-229.0	3.999
1383963210368	-210.0	3.991
1383963210480	-210.0	3.991
1383963210590	-210.0	3.991
1383963210697	-210.0	3.991
1383963210808	-210.0	3.991
1383963210915	-210.0	3.991
1383963211027	-210.0	3.991
1383963211135	-210.0	3.991
1383963211248	-210.0	3.991
1383963211358	-210.0	3.991
1383963211467	-200.0	3.992
1383963211575	-200.0	3.992
1383963211684	-200.0	3.992
1383963211791	-200.0	3.992
1383963211900	-200.0	3.992
1383963212013	-200.0	3.992
1383963212121	-200.0	3.992
1383963212229	-200.0	3.992
1383963212337	-200.0	3.992
1383963212445	-198.0	4.0
1383963212553	-198.0	4.0
1383963212662	-198.0	4.0
1383963212774	-198.0	4.0
1383963212883	-198.0	4.0
1383963212991	-198.0	4.0
1383963213099	-198.0	4.0
1383963213207	-198.0	4.0
1383963213315	-198.0	4.0
1383963213422	-199.0	3.993
1383963213583	-199.0	3.993
1383963213692	-199.0	3.993
1383963213802	-199.0	3.993
1383963213911	-199.0	3.993
1383963214018	-199.0	3.993
1383963214127	-199.0	3.993
1383963214234	-199.0	3.993
1383963214348	-199.0	3.993
1383963214457	-202.0	3.997
1383963214567	-202.0	3.997
1383963214675	-202.0	3.997
1383963214782	-202.0	3.997
1383963214890	-202.0	3.997
1383963214998	-202.0	3.997
1383963215113	-202.0	3.997
1383963215221	-202.0	3.997
1383963215330	-202.0	3.997
1383963215439	-202.0	3.986
1383963215549	-202.0	3.986
1383963215657	-202.0	3.986
1383963215768	-202.0	3.986
1383963215880	-202.0	3.986
1383963215990	-202.0	3.986
1383963216098	-202.0	3.986
1383963216205	-202.0	3.986
1383963216313	-202.0	3.986
1383963216421	-200.0	3.995
1383963216530	-200.0	3.995
1383963216643	-200.0	3.995
1383963216751	-200.0	3.995
1383963216860	-200.0	3.995
1383963216969	-200.0	3.995
1383963217078	-200.0	3.995
1383963217187	-200.0	3.995
1383963217295	-200.0	3.995
1383963217407	-203.0	3.993
1383963217515	-203.0	3.993
1383963217624	-203.0	3.993
1383963217732	-203.0	3.993
1383963217840	-203.0	3.993
1383963217950	-203.0	3.993
1383963218064	-203.0	3.993
1383963218172	-203.0	3.993
1383963218279	-203.0	3.993
1383963218389	-232.0	3.983
1383963218496	-232.0	3.983
1383963218652	-232.0	3.983
1383963218760	-232.0	3.983
1383963218892	-232.0	3.983
1383963219000	-232.0	3.983
1383963219108	-232.0	3.983
1383963219216	-232.0	3.983
1383963219324	-232.0	3.983
1383963219432	-206.0	3.996
1383963219540	-206.0	3.996
1383963219663	-206.0	3.996
1383963219772	-206.0	3.996
1383963219880	-206.0	3.996
1383963219987	-206.0	3.996
1383963220095	-206.0	3.996
1383963220203	-206.0	3.996
1383963220311	-206.0	3.996
1383963220436	-205.0	3.992
1383963220544	-205.0	3.992
1383963220656	-205.0	3.992
1383963220766	-205.0	3.992
1383963220874	-205.0	3.992
1383963220981	-205.0	3.992
1383963221090	-205.0	3.992
1383963221218	-205.0	3.992
1383963221326	-205.0	3.992
1383963221435	-202.0	3.984
1383963221542	-202.0	3.984
1383963221650	-202.0	3.984
1383963221758	-202.0	3.984
1383963221866	-202.0	3.984
1383963221993	-202.0	3.984
1383963222101	-202.0	3.984
1383963222210	-202.0	3.984
1383963222318	-202.0	3.984
1383963222426	-198.0	3.991
1383963222534	-198.0	3.991
1383963222642	-198.0	3.991
1383963222774	-198.0	3.991
1383963222882	-198.0	3.991
1383963222991	-198.0	3.991
1383963223100	-198.0	3.991
1383963223209	-198.0	3.991
1383963223317	-198.0	3.991
1383963223425	-215.0	3.994
1383963223552	-215.0	3.994
1383963223708	-215.0	3.994
1383963223818	-215.0	3.994
1383963223927	-215.0	3.994
1383963224036	-215.0	3.994
1383963224143	-215.0	3.994
1383963224275	-215.0	3.994
1383963224383	-215.0	3.996
1383963224492	-222.0	3.996
1383963224600	-222.0	3.996
1383963224707	-222.0	3.996
1383963224816	-222.0	3.996
1383963224923	-222.0	3.996
1383963225038	-222.0	3.996
1383963225147	-222.0	3.996
1383963225255	-222.0	3.996
1383963225363	-222.0	3.996
1383963225470	-211.0	3.967
1383963225579	-211.0	3.967
1383963225686	-211.0	3.967
1383963225800	-211.0	3.967
1383963225909	-211.0	3.967
1383963226017	-211.0	3.967
1383963226126	-211.0	3.967
1383963226236	-211.0	3.967
1383963226344	-211.0	3.967
1383963226452	-202.0	3.993
1383963226565	-202.0	3.993
1383963226675	-202.0	3.993
1383963226783	-202.0	3.993
1383963226891	-202.0	3.993
1383963227000	-202.0	3.993
1383963227108	-202.0	3.993
1383963227216	-202.0	3.993
1383963227328	-202.0	3.993
1383963227437	-204.0	3.994
1383963227546	-204.0	3.994
1383963227653	-204.0	3.994
1383963227761	-204.0	3.994
1383963227869	-204.0	3.994
1383963227978	-204.0	3.994
1383963228105	-204.0	3.994
1383963228213	-204.0	3.994
1383963228333	-204.0	3.994
1383963228443	-226.0	3.993
1383963228551	-226.0	3.993
1383963228660	-226.0	3.993
1383963228832	-226.0	3.993
1383963228943	-226.0	3.993
1383963229051	-226.0	3.993
1383963229159	-226.0	3.993
1383963229267	-226.0	3.993
1383963229375	-226.0	3.993
1383963229484	-209.0	3.989
1383963229600	-209.0	3.989
1383963229709	-209.0	3.989
1383963229819	-209.0	3.989
1383963229927	-209.0	3.989
1383963230038	-209.0	3.989
1383963230146	-209.0	3.989
1383963230253	-209.0	3.989
1383963230368	-209.0	3.989
1383963230478	-201.0	3.994
1383963230586	-201.0	3.994
1383963230694	-201.0	3.994
1383963230802	-201.0	3.994
1383963230910	-201.0	3.994
1383963231018	-201.0	3.994
1383963231130	-201.0	3.994
1383963231242	-201.0	3.994
1383963231349	-201.0	3.994
1383963231457	-201.0	3.986
1383963231565	-201.0	3.986
1383963231673	-201.0	3.986
1383963231781	-201.0	3.986
1383963231905	-201.0	3.986
1383963232015	-201.0	3.986
1383963232123	-201.0	3.986
1383963232231	-201.0	3.986
1383963232338	-201.0	3.986
1383963232446	-202.0	3.994
1383963232555	-202.0	3.994
1383963232667	-202.0	3.994
1383963232777	-202.0	3.994
1383963232885	-202.0	3.994
1383963232993	-202.0	3.994
1383963233101	-202.0	3.994
1383963233209	-202.0	3.994
1383963233319	-202.0	3.994
1383963233445	-202.0	3.992
1383963233557	-202.0	3.992
1383963233665	-202.0	3.992
1383963233773	-202.0	3.992
1383963233926	-202.0	3.992
1383963234034	-202.0	3.992
1383963234142	-202.0	3.992
1383963234272	-202.0	3.992
1383963234381	-202.0	3.992
1383963234489	-206.0	3.981
1383963234596	-206.0	3.981
1383963234705	-206.0	3.981
1383963234813	-206.0	3.981
1383963234921	-206.0	3.981
1383963235045	-206.0	3.981
1383963235153	-206.0	3.981
1383963235261	-206.0	3.981
1383963235369	-206.0	3.981
1383963235478	-201.0	3.998
1383963235586	-201.0	3.998
1383963235718	-201.0	3.998
1383963235829	-201.0	3.998
1383963235938	-201.0	3.998
1383963236047	-201.0	3.998
1383963236155	-201.0	3.998
1383963236264	-201.0	3.998
1383963236372	-201.0	3.998
1383963236494	-222.0	3.992
1383963236605	-222.0	3.992
1383963236713	-222.0	3.992
1383963236822	-222.0	3.992
1383963236930	-222.0	3.992
1383963237038	-222.0	3.992
1383963237148	-222.0	3.992
1383963237272	-222.0	3.992
1383963237381	-222.0	3.992
1383963237492	-205.0	3.991
1383963237601	-205.0	3.991
1383963237711	-205.0	3.991
1383963237819	-205.0	3.991
1383963237927	-205.0	3.991
1383963238053	-205.0	3.991
1383963238161	-205.0	3.991
1383963238270	-205.0	3.991
1383963238382	-205.0	3.991
1383963238491	-200.0	3.99
1383963238599	-200.0	3.99
1383963238707	-200.0	3.99
1383963238832	-200.0	3.99
1383963238990	-200.0	3.99
1383963239097	-200.0	3.99
1383963239206	-200.0	3.99
1383963239317	-200.0	3.99
1383963239426	-202.0	3.992
1383963239535	-202.0	3.992
1383963239663	-202.0	3.992
1383963239773	-202.0	3.992
1383963239882	-202.0	3.992
1383963239991	-202.0	3.992
1383963240100	-202.0	3.992
1383963240208	-202.0	3.992
1383963240319	-202.0	3.992
1383963240449	-204.0	3.994
1383963240558	-204.0	3.994
1383963240667	-204.0	3.994
1383963240775	-204.0	3.994
1383963240886	-204.0	3.994
1383963240993	-204.0	3.994
1383963241101	-204.0	3.994
1383963241228	-204.0	3.994
1383963241336	-204.0	3.994
1383963241445	-202.0	3.98
1383963241553	-202.0	3.98
1383963241661	-202.0	3.98
1383963241770	-202.0	3.98
1383963241877	-202.0	3.98
1383963242007	-202.0	3.98
1383963242115	-202.0	3.98
1383963242223	-202.0	3.98
1383963242334	-202.0	3.98
1383963242442	-209.0	3.993
1383963242551	-209.0	3.993
1383963242659	-209.0	3.993
1383963242773	-209.0	3.993
1383963242881	-209.0	3.993
1383963242989	-209.0	3.993
1383963243097	-209.0	3.993
1383963243205	-209.0	3.993
1383963243313	-209.0	3.993
1383963243421	-202.0	3.993
1383963243534	-202.0	3.993
1383963243645	-202.0	3.993
1383963243753	-202.0	3.993
1383963243861	-202.0	3.993
1383963243970	-202.0	3.993
1383963244124	-202.0	3.993
1383963244239	-202.0	3.993
1383963244350	-202.0	3.993
1383963244457	-225.0	3.992
1383963244566	-225.0	3.992
1383963244676	-225.0	3.992
1383963244783	-225.0	3.992
1383963244892	-225.0	3.992
1383963245030	-225.0	3.992
1383963245138	-225.0	3.992
1383963245246	-225.0	3.992
1383963245356	-225.0	3.992
1383963245466	-203.0	3.992
1383963245576	-203.0	3.992
1383963245683	-203.0	3.992
1383963245799	-203.0	3.992
1383963245908	-203.0	3.992
1383963246017	-203.0	3.992
1383963246129	-203.0	3.992
1383963246237	-203.0	3.992
1383963246347	-203.0	3.992
1383963246456	-201.0	3.994
1383963246580	-201.0	3.994
1383963246688	-201.0	3.994
1383963246798	-201.0	3.994
1383963246905	-201.0	3.994
1383963247014	-201.0	3.994
1383963247123	-201.0	3.994
1383963247231	-201.0	3.994
1383963247355	-201.0	3.994
1383963247463	-206.0	3.993
1383963247572	-206.0	3.993
1383963247680	-206.0	3.993
1383963247788	-206.0	3.993
1383963247897	-206.0	3.993
1383963248006	-206.0	3.993
1383963248119	-206.0	3.993
1383963248228	-206.0	3.993
1383963248338	-206.0	3.993
1383963248447	-204.0	3.99
1383963248556	-204.0	3.99
1383963248663	-204.0	3.99
1383963248773	-204.0	3.99
1383963248886	-204.0	3.99
1383963248997	-204.0	3.99
1383963249107	-204.0	3.99
1383963249261	-204.0	3.99
1383963249370	-204.0	3.99
1383963249479	-223.0	3.99
1383963249588	-223.0	3.99
1383963249703	-223.0	3.99
1383963249811	-223.0	3.99
1383963249920	-223.0	3.99
1383963250028	-223.0	3.99
1383963250137	-223.0	3.99
1383963250246	-223.0	3.99
1383963250354	-223.0	3.99
1383963250466	-202.0	3.988
1383963250577	-202.0	3.988
1383963250684	-202.0	3.988
1383963250795	-202.0	3.988
1383963250902	-202.0	3.988
1383963251010	-202.0	3.988
1383963251120	-202.0	3.988
1383963251243	-202.0	3.988
1383963251353	-202.0	3.988
1383963251462	-202.0	3.98
1383963251571	-202.0	3.98
1383963251680	-202.0	3.98
1383963251789	-202.0	3.98
1383963251898	-202.0	3.98
1383963252022	-202.0	3.98
1383963252130	-202.0	3.98
1383963252238	-202.0	3.98
1383963252346	-202.0	3.98
1383963252454	-198.0	3.997
1383963252563	-198.0	3.997
1383963252671	-198.0	3.997
1383963252785	-198.0	3.997
1383963252893	-198.0	3.997
1383963253002	-198.0	3.997
1383963253110	-198.0	3.997
1383963253219	-198.0	3.997
1383963253327	-198.0	3.997
1383963253434	-198.0	3.997
1383963253551	-198.0	3.993
1383963253659	-198.0	3.993
1383963253768	-198.0	3.993
1383963253876	-198.0	3.993
1383963253984	-198.0	3.993
1383963254092	-198.0	3.993
1383963254215	-198.0	3.993
1383963254374	-198.0	3.993
1383963254483	-238.0	3.973
1383963254590	-238.0	3.973
1383963254698	-238.0	3.973
1383963254806	-238.0	3.973
1383963254935	-238.0	3.973
1383963255044	-238.0	3.973
1383963255151	-238.0	3.973
1383963255261	-238.0	3.973
1383963255369	-238.0	3.973
1383963255478	-218.0	3.995
1383963255586	-218.0	3.995
1383963255698	-218.0	3.995
1383963255806	-218.0	3.995
1383963255914	-218.0	3.995
1383963256023	-218.0	3.995
1383963256130	-218.0	3.995
1383963256238	-218.0	3.995
1383963256365	-218.0	3.995
1383963256474	-221.0	3.994
1383963256582	-221.0	3.994
1383963256690	-221.0	3.994
1383963256797	-221.0	3.994
1383963256905	-221.0	3.994
1383963257013	-221.0	3.994
1383963257138	-221.0	3.994
1383963257248	-221.0	3.994
1383963257355	-221.0	3.994
1383963257465	-202.0	3.993
1383963257572	-202.0	3.993
1383963257680	-202.0	3.993
1383963257788	-202.0	3.993
1383963257919	-202.0	3.993
1383963258028	-202.0	3.993
1383963258135	-202.0	3.993
1383963258244	-202.0	3.993
1383963258352	-202.0	3.993
1383963258460	-202.0	3.993
1383963258569	-203.0	3.993
1383963258682	-203.0	3.993
1383963258790	-203.0	3.993
1383963258898	-203.0	3.993
1383963259006	-203.0	3.993
1383963259114	-203.0	3.993
1383963259222	-203.0	3.993
1383963259330	-203.0	3.993
1383963259494	-201.0	3.992
1383963259604	-201.0	3.992
1383963259712	-201.0	3.992
1383963259820	-201.0	3.992
1383963259929	-201.0	3.992
1383963260036	-201.0	3.992
1383963260145	-201.0	3.992
1383963260258	-201.0	3.992
1383963260367	-201.0	3.992
1383963260475	-207.0	3.976
1383963260584	-207.0	3.976
1383963260692	-207.0	3.976
1383963260800	-207.0	3.976
1383963260908	-207.0	3.976
1383963261038	-207.0	3.976
1383963261146	-207.0	3.976
1383963261254	-207.0	3.976
1383963261362	-207.0	3.976
1383963261470	-200.0	3.99
1383963261577	-200.0	3.99
1383963261705	-200.0	3.99
1383963261813	-200.0	3.99
1383963261921	-200.0	3.99
1383963262029	-200.0	3.99
1383963262144	-200.0	3.99
1383963262253	-200.0	3.99
1383963262361	-200.0	3.99
1383963262484	-200.0	3.994
1383963262593	-225.0	3.994
1383963262701	-225.0	3.994
1383963262810	-225.0	3.994
1383963262918	-225.0	3.994
1383963263026	-225.0	3.994
1383963263135	-225.0	3.994
1383963263266	-225.0	3.994
1383963263374	-225.0	3.994
1383963263481	-208.0	3.977
1383963263590	-208.0	3.977
1383963263697	-208.0	3.977
1383963263805	-208.0	3.977
1383963263913	-208.0	3.977
1383963264044	-208.0	3.977
1383963264153	-208.0	3.977
1383963264261	-208.0	3.977
1383963264370	-208.0	3.977
1383963264477	-208.0	3.994
1383963264630	-201.0	3.994
1383963264738	-201.0	3.994
1383963264852	-201.0	3.994
1383963264960	-201.0	3.994
1383963265069	-201.0	3.994
1383963265177	-201.0	3.994
1383963265284	-201.0	3.994
1383963265393	-201.0	3.994
1383963265500	-203.0	3.992
1383963265614	-203.0	3.992
1383963265722	-203.0	3.992
1383963265835	-203.0	3.992
1383963265944	-203.0	3.992
1383963266052	-203.0	3.992
1383963266160	-203.0	3.992
1383963266283	-203.0	3.992
1383963266393	-203.0	3.992
1383963266501	-227.0	3.992
1383963266609	-227.0	3.992
1383963266716	-227.0	3.992
1383963266824	-227.0	3.992
1383963266932	-227.0	3.992
1383963267045	-227.0	3.992
1383963267157	-227.0	3.992
1383963267268	-227.0	3.992
1383963267376	-227.0	3.992
1383963267485	-227.0	3.986
1383963267593	-203.0	3.986
1383963267701	-203.0	3.986
1383963267827	-203.0	3.986
1383963267936	-203.0	3.986
1383963268045	-203.0	3.986
1383963268153	-203.0	3.986
1383963268261	-203.0	3.986
1383963268368	-203.0	3.986
1383963268478	-203.0	3.986
1383963268601	-199.0	3.994
1383963268709	-199.0	3.994
1383963268818	-199.0	3.994
1383963268926	-199.0	3.994
1383963269035	-199.0	3.994
1383963269142	-199.0	3.994
1383963269251	-199.0	3.994
1383963269364	-199.0	3.994
1383963269475	-199.0	3.994
1383963269584	-203.0	3.987
1383963269738	-203.0	3.987
1383963269846	-203.0	3.987
1383963269955	-203.0	3.987
1383963270080	-203.0	3.987
1383963270188	-203.0	3.987
1383963270296	-203.0	3.987
1383963270404	-203.0	3.987
1383963270512	-223.0	3.989
1383963270620	-223.0	3.989
1383963270727	-223.0	3.989
1383963270840	-223.0	3.989
1383963270948	-223.0	3.989
1383963271057	-223.0	3.989
1383963271167	-223.0	3.989
1383963271276	-223.0	3.989
1383963271383	-223.0	3.989
1383963271491	-223.0	3.989
1383963271617	-205.0	3.991
1383963271725	-205.0	3.991
1383963271833	-205.0	3.991
1383963271941	-205.0	3.991
1383963272049	-205.0	3.991
1383963272158	-205.0	3.991
1383963272266	-205.0	3.991
1383963272379	-205.0	3.991
1383963272488	-205.0	3.991
1383963272597	-204.0	3.991
1383963272705	-204.0	3.991
1383963272814	-204.0	3.991
1383963272922	-204.0	3.991
1383963273030	-204.0	3.991
1383963273142	-204.0	3.991
1383963273251	-204.0	3.991
1383963273359	-204.0	3.991
1383963273467	-204.0	3.991
1383963273575	-200.0	3.99
1383963273683	-200.0	3.99
1383963273790	-200.0	3.99
1383963273904	-200.0	3.99
1383963274013	-200.0	3.99
1383963274122	-200.0	3.99
1383963274230	-200.0	3.99
1383963274338	-200.0	3.99
1383963274446	-200.0	3.99
1383963274555	-205.0	3.987
1383963274668	-205.0	3.987
1383963274824	-205.0	3.987
1383963274932	-205.0	3.987
1383963275040	-205.0	3.987
1383963275159	-205.0	3.987
1383963275270	-205.0	3.987
1383963275394	-205.0	3.987
1383963275503	-205.0	3.987
1383963275611	-237.0	3.988
1383963275720	-237.0	3.988
1383963275828	-237.0	3.988
1383963275936	-237.0	3.988
1383963276044	-237.0	3.988
1383963276156	-237.0	3.988
1383963276264	-237.0	3.988
1383963276372	-237.0	3.988
1383963276480	-237.0	3.988
1383963276588	-200.0	3.993
1383963276697	-200.0	3.993
1383963276805	-200.0	3.993
1383963276920	-200.0	3.993
1383963277028	-200.0	3.993
1383963277136	-200.0	3.993
1383963277244	-200.0	3.993
1383963277353	-200.0	3.993
1383963277461	-200.0	3.993
1383963277569	-204.0	3.988
1383963277694	-204.0	3.988
1383963277805	-204.0	3.988
1383963277915	-204.0	3.988
1383963278026	-204.0	3.988
1383963278137	-204.0	3.988
1383963278245	-204.0	3.988
1383963278353	-204.0	3.988
1383963278466	-204.0	3.988
1383963278572	-224.0	3.984
1383963278677	-224.0	3.984
1383963278782	-224.0	3.984
1383963278887	-224.0	3.984
1383963278992	-224.0	3.984
1383963279096	-224.0	3.984
1383963279208	-224.0	3.984
1383963279312	-224.0	3.984
1383963279419	-224.0	3.984
1383963279524	-359.0	3.907
1383963279628	-359.0	3.907
1383963279733	-359.0	3.907
1383963279883	-359.0	3.907
1383963280013	-359.0	3.907
1383963280119	-359.0	3.907
1383963280226	-359.0	3.907
1383963280335	-359.0	3.907
1383963280444	-359.0	3.907
1383963280552	-263.0	3.907
1383963280681	-263.0	3.907
1383963280790	-263.0	3.907
1383963280898	-263.0	3.907
1383963281007	-263.0	3.907
1383963281115	-263.0	3.907
1383963281224	-263.0	3.907
1383963281333	-263.0	3.907
1383963281461	-263.0	3.907
1383963281570	-206.0	3.987
1383963281678	-206.0	3.987
1383963281786	-206.0	3.987
1383963281893	-206.0	3.987
1383963282002	-206.0	3.987
1383963282110	-206.0	3.987
1383963282233	-206.0	3.987
1383963282343	-206.0	3.987
1383963282453	-206.0	3.987
1383963282562	-201.0	3.987
1383963282670	-201.0	3.987
1383963282778	-201.0	3.987
1383963282886	-201.0	3.987
1383963282998	-201.0	3.987
1383963283109	-201.0	3.987
1383963283217	-201.0	3.987
1383963283326	-201.0	3.987
1383963283434	-201.0	3.987
1383963283542	-200.0	3.984
1383963283650	-200.0	3.984
1383963283763	-200.0	3.984
1383963283871	-200.0	3.984
1383963283979	-200.0	3.984
1383963284087	-200.0	3.984
1383963284195	-200.0	3.984
1383963284305	-200.0	3.984
1383963284412	-200.0	3.984
1383963284526	-200.0	3.984
1383963284635	-202.0	3.987
1383963284744	-202.0	3.987
1383963284853	-202.0	3.987
1383963285006	-202.0	3.987
1383963285114	-202.0	3.987
1383963285221	-202.0	3.987
1383963285334	-202.0	3.987
1383963285444	-202.0	3.987
1383963285552	-203.0	3.983
1383963285660	-203.0	3.983
1383963285769	-203.0	3.983
1383963285877	-203.0	3.983
1383963285986	-203.0	3.983
1383963286126	-203.0	3.983
1383963286241	-203.0	3.983
1383963286351	-203.0	3.983
1383963286460	-203.0	3.983
1383963286570	-220.0	3.988
1383963286678	-220.0	3.988
1383963286787	-220.0	3.988
1383963286910	-220.0	3.988
1383963287018	-220.0	3.988
1383963287128	-220.0	3.988
1383963287237	-220.0	3.988
1383963287347	-220.0	3.988
1383963287455	-220.0	3.988
1383963287567	-199.0	3.992
1383963287679	-199.0	3.992
1383963287790	-199.0	3.992
1383963287899	-199.0	3.992
1383963288010	-199.0	3.992
1383963288117	-199.0	3.992
1383963288226	-199.0	3.992
1383963288334	-199.0	3.992
1383963288447	-199.0	3.992
1383963288556	-199.0	3.991
1383963288666	-199.0	3.991
1383963288774	-199.0	3.991
1383963288884	-199.0	3.991
1383963288993	-199.0	3.991
1383963289101	-199.0	3.991
1383963289215	-199.0	3.991
1383963289328	-199.0	3.991
1383963289438	-199.0	3.991
1383963289549	-199.0	3.991
1383963289657	-198.0	3.99
1383963289767	-198.0	3.99
1383963289876	-198.0	3.99
1383963289991	-198.0	3.99
1383963290145	-198.0	3.99
1383963290257	-198.0	3.99
1383963290367	-198.0	3.99
1383963290476	-198.0	3.99
1383963290583	-201.0	3.991
1383963290692	-201.0	3.991
1383963290815	-201.0	3.991
1383963290923	-201.0	3.991
1383963291033	-201.0	3.991
1383963291141	-201.0	3.991
1383963291250	-201.0	3.991
1383963291358	-201.0	3.991
1383963291482	-201.0	3.991
1383963291594	-222.0	3.985
1383963291701	-222.0	3.985
1383963291810	-222.0	3.985
1383963291918	-222.0	3.985
1383963292026	-222.0	3.985
1383963292149	-222.0	3.985
1383963292259	-222.0	3.985
1383963292367	-222.0	3.985
1383963292475	-222.0	3.985
1383963292582	-243.0	3.956
1383963292690	-243.0	3.956
1383963292818	-243.0	3.956
1383963292928	-243.0	3.956
1383963293036	-243.0	3.956
1383963293143	-243.0	3.956
1383963293253	-243.0	3.956
1383963293363	-243.0	3.956
1383963293491	-243.0	3.956
1383963293601	-241.0	3.986
1383963293711	-241.0	3.986
1383963293820	-241.0	3.986
1383963293935	-241.0	3.986
1383963294043	-241.0	3.986
1383963294157	-241.0	3.986
1383963294266	-241.0	3.986
1383963294375	-241.0	3.986
1383963294483	-241.0	3.986
1383963294591	-224.0	3.984
1383963294699	-224.0	3.984
1383963294820	-224.0	3.984
1383963294929	-224.0	3.984
1383963295040	-224.0	3.984
1383963295193	-224.0	3.984
1383963295301	-224.0	3.984
1383963295411	-224.0	3.984
1383963295520	-224.0	3.984
1383963295646	-226.0	3.986
1383963295755	-226.0	3.986
1383963295862	-226.0	3.986
1383963295972	-226.0	3.986
1383963296080	-226.0	3.986
1383963296189	-226.0	3.986
1383963296298	-226.0	3.986
1383963296411	-226.0	3.986
1383963296521	-226.0	3.986
1383963296628	-205.0	3.974
1383963296738	-205.0	3.974
1383963296846	-205.0	3.974
1383963296954	-205.0	3.974
1383963297061	-205.0	3.974
1383963297193	-205.0	3.974
1383963297301	-205.0	3.974
1383963297410	-205.0	3.974
1383963297518	-205.0	3.974
1383963297626	-209.0	3.982
1383963297736	-209.0	3.982
1383963297861	-209.0	3.982
1383963297970	-209.0	3.982
1383963298081	-209.0	3.982
1383963298192	-209.0	3.982
1383963298302	-209.0	3.982
1383963298414	-209.0	3.982
1383963298522	-209.0	3.982
1383963298637	-221.0	3.957
1383963298746	-221.0	3.957
1383963298855	-221.0	3.957
1383963298963	-221.0	3.957
1383963299071	-221.0	3.957
1383963299180	-221.0	3.957
1383963299288	-221.0	3.957
1383963299402	-221.0	3.957
1383963299511	-221.0	3.957
1383963299620	-207.0	3.973
1383963299733	-207.0	3.973
1383963299842	-207.0	3.973
1383963299952	-207.0	3.973
1383963300062	-207.0	3.973
1383963300177	-207.0	3.973
1383963300333	-207.0	3.973
1383963300445	-207.0	3.973
1383963300554	-207.0	3.973
1383963300665	-208.0	3.984
1383963300773	-208.0	3.984
1383963300882	-208.0	3.984
1383963300997	-208.0	3.984
1383963301106	-208.0	3.984
1383963301213	-208.0	3.984
1383963301323	-208.0	3.984
1383963301431	-208.0	3.984
1383963301540	-208.0	3.984
1383963301653	-213.0	3.985
1383963301764	-213.0	3.985
1383963301873	-213.0	3.985
1383963301983	-213.0	3.985
1383963302091	-213.0	3.985
1383963302200	-213.0	3.985
1383963302309	-213.0	3.985
1383963302423	-213.0	3.985
1383963302531	-213.0	3.985
1383963302640	-213.0	3.955
1383963302748	-213.0	3.955
1383963302855	-213.0	3.955
1383963302964	-213.0	3.955
1383963303072	-213.0	3.955
1383963303198	-213.0	3.955
1383963303306	-213.0	3.955
1383963303415	-213.0	3.955
1383963303525	-213.0	3.955
1383963303633	-207.0	3.981
1383963303743	-207.0	3.981
1383963303852	-207.0	3.981
1383963303966	-207.0	3.981
1383963304075	-207.0	3.981
1383963304184	-207.0	3.981
1383963304291	-207.0	3.981
1383963304402	-207.0	3.981
1383963304510	-207.0	3.981
1383963304620	-207.0	3.981
1383963304733	-202.0	3.984
1383963304845	-202.0	3.984
1383963304955	-202.0	3.984
1383963305066	-202.0	3.984
1383963305175	-202.0	3.984
1383963305285	-202.0	3.984
1383963305443	-202.0	3.984
1383963305556	-202.0	3.984
1383963305666	-208.0	3.981
1383963305775	-208.0	3.981
1383963305886	-208.0	3.981
1383963305994	-208.0	3.981
1383963306103	-208.0	3.981
1383963306216	-208.0	3.981
1383963306328	-208.0	3.981
1383963306436	-208.0	3.981
1383963306546	-208.0	3.981
1383963306654	-222.0	3.983
1383963306764	-222.0	3.983
1383963306872	-222.0	3.983
1383963306984	-222.0	3.983
1383963307092	-222.0	3.983
1383963307201	-222.0	3.983
1383963307310	-222.0	3.983
1383963307418	-222.0	3.983
1383963307527	-222.0	3.983
1383963307636	-222.0	3.983
1383963307749	-205.0	3.985
1383963307858	-205.0	3.985
1383963307967	-205.0	3.985
1383963308077	-205.0	3.985
1383963308187	-205.0	3.985
1383963308297	-205.0	3.985
1383963308408	-205.0	3.985
1383963308538	-205.0	3.985
1383963308647	-205.0	3.985
1383963308755	-205.0	3.985
1383963308867	-205.0	3.985
1383963308975	-205.0	3.985
1383963309084	-205.0	3.985
1383963309198	-205.0	3.985
1383963309309	-205.0	3.985
1383963309417	-205.0	3.985
1383963309527	-205.0	3.985
1383963309635	-205.0	3.985
1383963309744	-215.0	3.957
1383963309856	-215.0	3.957
1383963309977	-215.0	3.957
1383963310088	-215.0	3.957
1383963310197	-215.0	3.957
1383963310307	-215.0	3.957
1383963310414	-215.0	3.957
1383963310568	-215.0	3.957
1383963310676	-208.0	3.985
1383963310789	-208.0	3.985
1383963310899	-208.0	3.985
1383963311010	-208.0	3.985
1383963311119	-208.0	3.985
1383963311229	-208.0	3.985
1383963311338	-208.0	3.985
1383963311448	-208.0	3.985
1383963311560	-208.0	3.985
1383963311670	-205.0	3.987
1383963311778	-205.0	3.987
1383963311887	-205.0	3.987
1383963311995	-205.0	3.987
1383963312104	-205.0	3.987
1383963312214	-205.0	3.987
1383963312329	-205.0	3.987
1383963312437	-205.0	3.987
1383963312546	-205.0	3.987
1383963312654	-205.0	3.987
1383963312763	-197.0	3.985
1383963312871	-197.0	3.985
1383963312979	-197.0	3.985
1383963313094	-197.0	3.985
1383963313202	-197.0	3.985
1383963313311	-197.0	3.985
1383963313419	-197.0	3.985
1383963313528	-197.0	3.985
1383963313635	-197.0	3.985
1383963313745	-198.0	3.99
1383963313858	-198.0	3.99
1383963313968	-198.0	3.99
1383963314076	-198.0	3.99
1383963314183	-198.0	3.99
1383963314292	-198.0	3.99
1383963314402	-198.0	3.99
1383963314511	-198.0	3.99
1383963314622	-198.0	3.99
1383963314733	-204.0	3.986
1383963314841	-204.0	3.986
1383963314951	-204.0	3.986
1383963315060	-204.0	3.986
1383963315170	-204.0	3.986
1383963315278	-204.0	3.986
1383963315391	-204.0	3.986
1383963315504	-204.0	3.986
1383963315661	-204.0	3.986
1383963315773	-206.0	3.981
1383963315880	-206.0	3.981
1383963315991	-206.0	3.981
1383963316099	-206.0	3.981
1383963316213	-206.0	3.981
1383963316321	-206.0	3.981
1383963316430	-206.0	3.981
1383963316538	-206.0	3.981
1383963316646	-206.0	3.981
1383963316756	-215.0	3.988
1383963316881	-215.0	3.988
1383963316990	-215.0	3.988
1383963317098	-215.0	3.988
1383963317206	-215.0	3.988
1383963317317	-215.0	3.988
1383963317425	-215.0	3.988
1383963317534	-215.0	3.988
1383963317663	-215.0	3.988
1383963317772	-207.0	3.975
1383963317879	-207.0	3.975
1383963317987	-207.0	3.975
1383963318096	-207.0	3.975
1383963318206	-207.0	3.975
1383963318316	-207.0	3.975
1383963318429	-207.0	3.975
1383963318539	-207.0	3.975
1383963318647	-207.0	3.975
1383963318755	-205.0	3.975
1383963318864	-205.0	3.975
1383963318973	-205.0	3.975
1383963319081	-205.0	3.975
1383963319195	-205.0	3.975
1383963319305	-205.0	3.975
1383963319415	-205.0	3.975
1383963319525	-205.0	3.975
1383963319634	-205.0	3.975
1383963319742	-202.0	3.985
1383963319849	-202.0	3.985
1383963319964	-202.0	3.985
1383963320073	-202.0	3.985
1383963320182	-202.0	3.985
1383963320290	-202.0	3.985
1383963320399	-202.0	3.985
1383963320507	-202.0	3.985
1383963320615	-202.0	3.985
1383963320786	-200.0	3.984
1383963320894	-200.0	3.984
1383963321002	-200.0	3.984
1383963321110	-200.0	3.984
1383963321218	-200.0	3.984
1383963321325	-200.0	3.984
1383963321433	-200.0	3.984
1383963321545	-200.0	3.984
1383963321655	-200.0	3.984
1383963321764	-217.0	3.977
1383963321872	-217.0	3.977
1383963321980	-217.0	3.977
1383963322088	-217.0	3.977
1383963322198	-217.0	3.977
1383963322327	-217.0	3.977
1383963322436	-217.0	3.977
1383963322545	-217.0	3.977
1383963322653	-217.0	3.977
1383963322761	-204.0	3.979
1383963322870	-204.0	3.979
1383963322978	-204.0	3.979
1383963323090	-204.0	3.979
1383963323200	-204.0	3.979
1383963323307	-204.0	3.979
1383963323415	-204.0	3.979
1383963323524	-204.0	3.979
1383963323633	-204.0	3.979
1383963323741	-199.0	3.983
1383963323872	-199.0	3.983
1383963323981	-199.0	3.983
1383963324089	-199.0	3.983
1383963324198	-199.0	3.983
1383963324305	-199.0	3.983
1383963324413	-199.0	3.983
1383963324521	-199.0	3.983
1383963324633	-199.0	3.983
1383963324743	-202.0	3.982
1383963324852	-202.0	3.982
1383963324960	-202.0	3.982
1383963325069	-202.0	3.982
1383963325176	-202.0	3.982
1383963325285	-202.0	3.982
1383963325413	-202.0	3.982
1383963325522	-202.0	3.982
1383963325631	-202.0	3.982
1383963325741	-205.0	3.981
1383963325895	-205.0	3.981
1383963326005	-205.0	3.981
1383963326114	-205.0	3.981
1383963326225	-205.0	3.981
1383963326333	-205.0	3.981
1383963326443	-205.0	3.981
1383963326550	-205.0	3.981
1383963326660	-205.0	3.981
1383963326768	-223.0	3.985
1383963326899	-223.0	3.985
1383963327008	-223.0	3.985
1383963327117	-223.0	3.985
1383963327225	-223.0	3.985
1383963327334	-223.0	3.985
1383963327444	-223.0	3.985
1383963327554	-223.0	3.985
1383963327682	-223.0	3.985
1383963327790	-200.0	3.983
1383963327900	-200.0	3.983
1383963328008	-200.0	3.983
1383963328115	-200.0	3.983
1383963328225	-200.0	3.983
1383963328333	-200.0	3.983
1383963328449	-200.0	3.983
1383963328561	-200.0	3.983
1383963328668	-200.0	3.983
1383963328776	-198.0	3.981
1383963328885	-198.0	3.981
1383963328994	-198.0	3.981
1383963329103	-198.0	3.981
1383963329216	-198.0	3.981
1383963329326	-198.0	3.981
1383963329433	-198.0	3.981
1383963329542	-198.0	3.981
1383963329651	-198.0	3.981
1383963329760	-199.0	3.984
1383963329869	-199.0	3.984
1383963329982	-199.0	3.984
1383963330090	-199.0	3.984
1383963330199	-199.0	3.984
1383963330308	-199.0	3.984
1383963330416	-199.0	3.984
1383963330526	-199.0	3.984
1383963330633	-199.0	3.984
1383963330746	-202.0	3.984
1383963330855	-202.0	3.984
1383963331012	-202.0	3.984
1383963331120	-202.0	3.984
1383963331231	-202.0	3.984
1383963331338	-202.0	3.984
1383963331448	-202.0	3.984
1383963331560	-202.0	3.984
1383963331670	-202.0	3.984
1383963331779	-204.0	3.972
1383963331888	-204.0	3.972
1383963331998	-204.0	3.972
1383963332107	-204.0	3.972
1383963332215	-204.0	3.972
1383963332338	-204.0	3.972
1383963332449	-204.0	3.972
1383963332556	-204.0	3.972
1383963332666	-204.0	3.972
1383963332774	-202.0	3.981
1383963332885	-202.0	3.981
1383963332993	-202.0	3.981
1383963333106	-202.0	3.981
1383963333214	-202.0	3.981
1383963333322	-202.0	3.981
1383963333432	-202.0	3.981
1383963333540	-202.0	3.981
1383963333649	-202.0	3.981
1383963333756	-201.0	3.982
1383963333869	-201.0	3.982
1383963333978	-201.0	3.982
1383963334088	-201.0	3.982
1383963334196	-201.0	3.982
1383963334305	-201.0	3.982
1383963334414	-201.0	3.982
1383963334523	-201.0	3.982
1383963334638	-201.0	3.982
1383963334748	-201.0	3.979
1383963334854	-226.0	3.979
1383963334959	-226.0	3.979
1383963335067	-226.0	3.979
1383963335175	-226.0	3.979
1383963335283	-226.0	3.979
1383963335397	-226.0	3.979
1383963335508	-226.0	3.979
1383963335616	-226.0	3.979
1383963335724	-226.0	3.979
1383963335833	-229.0	3.923
1383963335942	-229.0	3.923
1383963336098	-229.0	3.923
1383963336221	-229.0	3.923
1383963336331	-229.0	3.923
1383963336441	-229.0	3.923
1383963336550	-229.0	3.923
1383963336658	-229.0	3.923
1383963336768	-206.0	3.979
1383963336876	-206.0	3.979
1383963336990	-206.0	3.979
1383963337098	-206.0	3.979
1383963337207	-206.0	3.979
1383963337316	-206.0	3.979
1383963337425	-206.0	3.979
1383963337534	-206.0	3.979
1383963337642	-206.0	3.979
1383963337755	-206.0	3.979
1383963337864	-204.0	3.981
1383963337974	-204.0	3.981
1383963338083	-204.0	3.981
1383963338193	-204.0	3.981
1383963338302	-204.0	3.981
1383963338412	-204.0	3.981
1383963338544	-204.0	3.981
1383963338652	-204.0	3.981
1383963338760	-204.0	3.981
1383963338871	-222.0	3.973
1383963338979	-222.0	3.973
1383963339087	-222.0	3.973
1383963339197	-222.0	3.973
1383963339311	-222.0	3.973
1383963339465	-222.0	3.973
1383963339575	-222.0	3.973
1383963339684	-222.0	3.973
1383963339796	-264.0	3.979
1383963339923	-264.0	3.979
1383963340034	-264.0	3.979
1383963340140	-264.0	3.979
1383963340253	-264.0	3.979
1383963340362	-264.0	3.979
1383963340473	-264.0	3.979
1383963340580	-264.0	3.979
1383963340688	-264.0	3.979
1383963340797	-290.0	3.928
1383963340928	-290.0	3.928
1383963341038	-290.0	3.928
1383963341193	-290.0	3.928
1383963341301	-290.0	3.928
1383963341409	-290.0	3.928
1383963341517	-290.0	3.928
1383963341626	-290.0	3.928
1383963341736	-290.0	3.928
1383963341846	-211.0	3.983
1383963341956	-211.0	3.983
1383963342064	-211.0	3.983
1383963342174	-211.0	3.983
1383963342282	-211.0	3.983
1383963342408	-211.0	3.983
1383963342519	-211.0	3.983
1383963342627	-211.0	3.983
1383963342737	-211.0	3.983
1383963342845	-225.0	3.952
1383963342954	-225.0	3.952
1383963343061	-225.0	3.952
1383963343176	-225.0	3.952
1383963343284	-225.0	3.952
1383963343394	-225.0	3.952
1383963343502	-225.0	3.952
1383963343609	-225.0	3.952
1383963343718	-225.0	3.952
1383963343826	-199.0	3.979
1383963343939	-199.0	3.979
1383963344048	-199.0	3.979
1383963344157	-199.0	3.979
1383963344266	-199.0	3.979
1383963344378	-199.0	3.979
1383963344486	-199.0	3.979
1383963344599	-199.0	3.979
1383963344707	-199.0	3.979
1383963344817	-225.0	3.978
1383963344925	-225.0	3.978
1383963345033	-225.0	3.978
1383963345142	-225.0	3.978
1383963345249	-225.0	3.978
1383963345377	-225.0	3.978
1383963345486	-225.0	3.978
1383963345595	-225.0	3.978
1383963345703	-225.0	3.978
1383963345811	-207.0	3.975
1383963345920	-207.0	3.975
1383963346028	-207.0	3.975
1383963346140	-207.0	3.975
1383963346296	-207.0	3.975
1383963346406	-207.0	3.975
1383963346513	-207.0	3.975
1383963346623	-207.0	3.975
1383963346732	-207.0	3.975
1383963346841	-207.0	3.979
1383963346963	-207.0	3.979
1383963347071	-207.0	3.979
1383963347181	-207.0	3.979
1383963347289	-207.0	3.979
1383963347398	-207.0	3.979
1383963347506	-207.0	3.979
1383963347614	-207.0	3.979
1383963347739	-207.0	3.979
1383963347848	-203.0	3.977
1383963347956	-203.0	3.977
1383963348064	-203.0	3.977
1383963348172	-203.0	3.977
1383963348281	-203.0	3.977
1383963348389	-203.0	3.977
1383963348518	-203.0	3.977
1383963348626	-203.0	3.977
1383963348735	-203.0	3.977
1383963348845	-219.0	3.977
1383963348980	-219.0	3.977
1383963349090	-219.0	3.977
1383963349200	-219.0	3.977
1383963349308	-219.0	3.977
1383963349417	-219.0	3.977
1383963349530	-219.0	3.977
1383963349641	-219.0	3.977
1383963349749	-219.0	3.977
1383963349874	-253.0	3.933
1383963349984	-253.0	3.933
1383963350094	-253.0	3.933
1383963350225	-253.0	3.933
1383963350333	-253.0	3.933
1383963350446	-253.0	3.933
1383963350564	-253.0	3.933
1383963350675	-253.0	3.933
1383963350784	-253.0	3.933
1383963350892	-301.0	3.927
1383963351002	-301.0	3.927
1383963351110	-301.0	3.927
1383963351240	-301.0	3.927
1383963351396	-301.0	3.927
1383963351506	-301.0	3.927
1383963351615	-301.0	3.927
1383963351725	-301.0	3.927
1383963351832	-249.0	3.981
1383963351950	-249.0	3.981
1383963352059	-249.0	3.981
1383963352169	-249.0	3.981
1383963352285	-249.0	3.981
1383963352425	-249.0	3.981
1383963352534	-249.0	3.981
1383963352644	-249.0	3.981
1383963352752	-249.0	3.981
1383963352881	-302.0	3.978
1383963352997	-302.0	3.978
1383963353106	-302.0	3.978
1383963353215	-302.0	3.978
1383963353319	-302.0	3.978
1383963353428	-302.0	3.978
1383963353533	-302.0	3.978
1383963353639	-302.0	3.978
1383963353759	-302.0	3.978
1383963353864	-352.0	3.918
1383963353968	-352.0	3.918
1383963354072	-352.0	3.918
1383963354179	-352.0	3.918
1383963354287	-352.0	3.918
1383963354395	-352.0	3.918
1383963354503	-352.0	3.918
1383963354610	-352.0	3.918
1383963354718	-352.0	3.918
1383963354844	-252.0	3.92
1383963354952	-252.0	3.92
1383963355060	-252.0	3.92
1383963355168	-252.0	3.92
1383963355275	-252.0	3.92
1383963355384	-252.0	3.92
1383963355492	-252.0	3.92
1383963355619	-252.0	3.92
1383963355728	-252.0	3.92
1383963355836	-206.0	3.964
1383963355944	-206.0	3.964
1383963356052	-206.0	3.964
1383963356160	-206.0	3.964
1383963356268	-206.0	3.964
1383963356395	-206.0	3.964
1383963356551	-206.0	3.964
1383963356660	-206.0	3.964
1383963356769	-206.0	3.964
1383963356877	-210.0	3.979
1383963356986	-210.0	3.979
1383963357111	-210.0	3.979
1383963357219	-210.0	3.979
1383963357327	-210.0	3.979
1383963357435	-210.0	3.979
1383963357543	-210.0	3.979
1383963357651	-210.0	3.979
1383963357758	-210.0	3.979
1383963357882	-213.0	3.948
1383963357992	-213.0	3.948
1383963358099	-213.0	3.948
1383963358209	-213.0	3.948
1383963358317	-213.0	3.948
1383963358426	-213.0	3.948
1383963358535	-213.0	3.948
1383963358663	-213.0	3.948
1383963358772	-213.0	3.948
1383963358879	-209.0	3.964
1383963358987	-209.0	3.964
1383963359101	-209.0	3.964
1383963359215	-209.0	3.964
